# wham -1.9 1.0 150 0.0001 310 0 /Users/xv24323/Documents/github/AMBER_Molecular_Dynamics_Protocols/QMMM_MD/07_PMF_umbrella_sampling/PMF_integration/tmp/meta_chunk_10.dat /Users/xv24323/Documents/github/AMBER_Molecular_Dynamics_Protocols/QMMM_MD/07_PMF_umbrella_sampling/PMF_integration/tmp/PMF_chunk_10
#Number of windows = 30
#Iteration 10:  0.034046
#Iteration 20:  0.028266
#Iteration 30:  0.025417
#Iteration 40:  0.023602
#Iteration 50:  0.022275
#Iteration 60:  0.021338
#Iteration 70:  0.020720
#Iteration 80:  0.020306
#Iteration 90:  0.020078
#Iteration 100:  0.019959
-1.890333	1.588260	0.261891
-1.871000	1.568462	0.270463
-1.851667	1.531989	0.286996
-1.832333	1.420920	0.343832
-1.813000	1.562844	0.272946
-1.793667	1.449961	0.327966
-1.774333	1.347760	0.387288
-1.755000	1.432829	0.337235
-1.735667	1.601934	0.256129
-1.716333	1.376392	0.369663
-1.697000	1.548971	0.279176
-1.677667	1.419791	0.344464
-1.658333	1.327208	0.400456
-1.639000	1.274846	0.436062
-1.619667	1.350176	0.385769
-1.600333	1.281370	0.431459
-1.581000	1.442038	0.332220
-1.561667	1.333194	0.396575
-1.542333	1.170223	0.516971
-1.523000	1.349350	0.386288
-1.503667	1.342839	0.390401
-1.484333	1.199702	0.492764
-1.465000	1.045756	0.632999
-1.445667	0.955323	0.733321
-1.426333	0.854794	0.863612
-1.407000	0.782661	0.971138
-1.387667	0.736970	1.046074
-1.368333	0.638607	1.227598
-1.349000	0.632082	1.240699
-1.329667	0.533243	1.457126
-1.310333	0.659622	1.186340
-1.291000	0.591763	1.324805
-1.271667	0.533258	1.457089
-1.252333	0.524976	1.476854
-1.233000	0.427365	1.731013
-1.213667	0.482022	1.583743
-1.194333	0.313886	2.081969
-1.175000	0.302282	2.121645
-1.155667	0.117662	2.864886
-1.136333	0.045229	3.223161
-1.117000	0.144269	2.743528
-1.097667	0.120352	2.852379
-1.078333	0.142764	2.750254
-1.059000	0.273722	2.222542
-1.039667	0.301455	2.124499
-1.020333	0.432955	1.715343
-1.001000	0.430779	1.721424
-0.981667	0.147980	2.727016
-0.962333	0.109697	2.902250
-0.943000	0.030870	3.299338
-0.923667	0.000000	3.469259
-0.904333	0.064505	3.123656
-0.885000	0.219962	2.425671
-0.865667	0.201065	2.501399
-0.846333	0.076211	3.064738
-0.827000	0.238828	2.352357
-0.807667	0.032077	3.292869
-0.788333	0.223033	2.413584
-0.769000	0.052833	3.183537
-0.749667	0.008595	3.421089
-0.730333	0.264006	2.257950
-0.711000	0.244182	2.331957
-0.691667	0.249878	2.310447
-0.672333	0.534714	1.453642
-0.653000	0.313720	2.082531
-0.633667	0.541676	1.437271
-0.614333	0.468664	1.618535
-0.595000	0.391502	1.835008
-0.575667	0.413582	1.770265
-0.556333	0.423566	1.741744
-0.537000	0.626084	1.252864
-0.517667	0.573880	1.363911
-0.498333	0.694349	1.121176
-0.479000	0.772299	0.987647
-0.459667	0.938208	0.754026
-0.440333	1.080160	0.598544
-0.421000	1.213029	0.482195
-0.401667	1.404943	0.352886
-0.382333	1.347635	0.387367
-0.363000	1.433572	0.336828
-0.343667	1.603790	0.255357
-0.324333	1.833452	0.175748
-0.305000	1.789347	0.188821
-0.285667	2.028825	0.127896
-0.266333	2.153438	0.104428
-0.247000	2.356545	0.075045
-0.227667	2.270174	0.086366
-0.208333	2.802919	0.036304
-0.189000	2.873516	0.032365
-0.169667	3.148962	0.020676
-0.150333	3.255441	0.017388
-0.131000	3.310208	0.015906
-0.111667	3.511689	0.011460
-0.092333	3.706904	0.008342
-0.073000	3.862473	0.006477
-0.053667	4.153273	0.004036
-0.034333	4.241230	0.003498
-0.015000	4.472681	0.002400
0.004333	4.801941	0.001405
0.023667	5.017106	0.000990
0.043000	5.167492	0.000775
0.062333	5.659196	0.000348
0.081667	5.678816	0.000337
0.101000	5.669942	0.000342
0.120333	5.772357	0.000290
0.139667	6.071526	0.000178
0.159000	6.283039	0.000126
0.178333	6.377545	0.000108
0.197667	6.270614	0.000129
0.217000	6.501147	0.000089
0.236333	6.522096	0.000086
0.255667	6.494400	0.000090
0.275000	6.627189	0.000072
0.294333	6.455850	0.000095
0.313667	6.302170	0.000122
0.333000	6.204683	0.000143
0.352333	6.138509	0.000160
0.371667	5.964659	0.000212
0.391000	6.005681	0.000198
0.410333	5.864674	0.000249
0.429667	6.022860	0.000193
0.449000	5.839139	0.000260
0.468333	5.836991	0.000261
0.487667	5.754557	0.000298
0.507000	5.812340	0.000272
0.526333	5.768994	0.000291
0.545667	5.699065	0.000326
0.565000	5.721911	0.000315
0.584333	5.818122	0.000269
0.603667	6.100832	0.000170
0.623000	6.206143	0.000143
0.642333	6.279405	0.000127
0.661667	6.439488	0.000098
0.681000	6.574195	0.000079
0.700333	6.675679	0.000067
0.719667	6.827697	0.000052
0.739000	6.984738	0.000040
0.758333	7.155133	0.000031
0.777667	7.504028	0.000017
0.797000	7.782613	0.000011
0.816333	8.036126	0.000007
0.835667	8.392919	0.000004
0.855000	8.830622	0.000002
0.874333	8.973532	0.000002
0.893667	9.032494	0.000001
0.913000	9.036489	0.000001
0.932333	9.209572	0.000001
0.951667	9.549379	0.000001
0.971000	8.890503	0.000002
0.990333	8.925178	0.000002

# Dumping simulation biases, in the metadata file order 
# Window  F (free energy units)
# 0	0.000000
# 1	-0.465846
# 2	-0.541796
# 3	-0.633911
# 4	-0.818521
# 5	-1.183369
# 6	-1.394336
# 7	-1.635429
# 8	-1.769985
# 9	-1.749950
# 10	-1.840529
# 11	-1.824077
# 12	-1.694033
# 13	-1.510873
# 14	-1.264157
# 15	-0.742830
# 16	-0.144911
# 17	0.598504
# 18	1.499379
# 19	2.452477
# 20	3.532483
# 21	4.290170
# 22	4.341029
# 23	4.016550
# 24	3.857779
# 25	4.030834
# 26	4.634461
# 27	5.509412
# 28	6.723647
# 29	7.503935
#Iteration 110:  0.019900
#Iteration 120:  0.019835
#Iteration 130:  0.019677
#Iteration 140:  0.019433
#Iteration 150:  0.019122
#Iteration 160:  0.018759
#Iteration 170:  0.018357
#Iteration 180:  0.017926
#Iteration 190:  0.017473
#Iteration 200:  0.017006
-1.890333	1.248544	0.261558
-1.871000	1.229252	0.269897
-1.851667	1.193479	0.286070
-1.832333	1.083288	0.342234
-1.813000	1.226266	0.271212
-1.793667	1.114681	0.325195
-1.774333	1.014131	0.382987
-1.755000	1.101240	0.332384
-1.735667	1.272665	0.251494
-1.716333	1.049580	0.361525
-1.697000	1.224778	0.271869
-1.677667	1.098582	0.333824
-1.658333	1.009512	0.385875
-1.639000	0.961101	0.417493
-1.619667	1.040579	0.366858
-1.600333	0.976073	0.407448
-1.581000	1.141498	0.311313
-1.561667	1.038221	0.368268
-1.542333	0.881580	0.475151
-1.523000	1.067272	0.351268
-1.503667	1.067076	0.351380
-1.484333	0.930112	0.439080
-1.465000	0.782809	0.557974
-1.445667	0.700021	0.638417
-1.426333	0.608090	0.741403
-1.407000	0.545042	0.821482
-1.387667	0.508732	0.871468
-1.368333	0.420397	1.006146
-1.349000	0.424851	0.998882
-1.329667	0.337616	1.151187
-1.310333	0.475648	0.919656
-1.291000	0.419589	1.007469
-1.271667	0.373921	1.085166
-1.252333	0.380249	1.074053
-1.233000	0.298635	1.226553
-1.213667	0.369480	1.093034
-1.194333	0.217121	1.400481
-1.175000	0.221505	1.390527
-1.155667	0.054019	1.826036
-1.136333	0.000000	1.993767
-1.117000	0.118327	1.644658
-1.097667	0.114803	1.654113
-1.078333	0.159656	1.537715
-1.059000	0.315254	1.193836
-1.039667	0.368232	1.095257
-1.020333	0.523635	0.850594
-1.001000	0.543894	0.823018
-0.981667	0.283876	1.256359
-0.962333	0.270585	1.283819
-0.943000	0.219053	1.396086
-0.923667	0.216412	1.402096
-0.904333	0.309457	1.205148
-0.885000	0.494911	0.891283
-0.865667	0.508688	0.871531
-0.846333	0.418392	1.009433
-0.827000	0.615291	0.732768
-0.807667	0.441766	0.971770
-0.788333	0.666370	0.674340
-0.769000	0.531802	0.839368
-0.749667	0.524710	0.849108
-0.730333	0.817290	0.527537
-0.711000	0.834881	0.512654
-0.691667	0.880451	0.476024
-0.672333	1.208925	0.278971
-0.653000	1.033435	0.371146
-0.633667	1.305423	0.238442
-0.614333	1.274074	0.250918
-0.595000	1.238525	0.265856
-0.575667	1.304656	0.238740
-0.556333	1.361020	0.217823
-0.537000	1.610546	0.145148
-0.517667	1.605709	0.146295
-0.498333	1.775190	0.111043
-0.479000	1.903782	0.090082
-0.459667	2.119834	0.063386
-0.440333	2.310252	0.046501
-0.421000	2.491892	0.034605
-0.401667	2.735784	0.023271
-0.382333	2.733640	0.023353
-0.363000	2.874799	0.018561
-0.343667	3.098159	0.012906
-0.324333	3.380339	0.008155
-0.305000	3.390718	0.008019
-0.285667	3.686604	0.004955
-0.266333	3.867252	0.003693
-0.247000	4.125338	0.002427
-0.227667	4.095055	0.002550
-0.208333	4.686568	0.000974
-0.189000	4.816584	0.000788
-0.169667	5.148660	0.000459
-0.150333	5.308687	0.000354
-0.131000	5.417182	0.000297
-0.111667	5.675293	0.000195
-0.092333	5.929004	0.000129
-0.073000	6.142044	0.000091
-0.053667	6.488857	0.000052
-0.034333	6.633712	0.000041
-0.015000	6.923946	0.000026
0.004333	7.311031	0.000014
0.023667	7.579466	0.000009
0.043000	7.778971	0.000006
0.062333	8.320378	0.000003
0.081667	8.395189	0.000002
0.101000	8.447176	0.000002
0.120333	8.610504	0.000002
0.139667	8.964100	0.000001
0.159000	9.222069	0.000001
0.178333	9.359556	0.000000
0.197667	9.299253	0.000001
0.217000	9.585247	0.000000
0.236333	9.669700	0.000000
0.255667	9.706410	0.000000
0.275000	9.896535	0.000000
0.294333	9.772931	0.000000
0.313667	9.660961	0.000000
0.333000	9.604890	0.000000
0.352333	9.583281	0.000000
0.371667	9.456156	0.000000
0.391000	9.542721	0.000000
0.410333	9.444604	0.000000
0.429667	9.644493	0.000000
0.449000	9.502770	0.000000
0.468333	9.541971	0.000000
0.487667	9.498219	0.000000
0.507000	9.591691	0.000000
0.526333	9.582321	0.000000
0.545667	9.545337	0.000000
0.565000	9.599582	0.000000
0.584333	9.725393	0.000000
0.603667	10.036390	0.000000
0.623000	10.168615	0.000000
0.642333	10.266448	0.000000
0.661667	10.448282	0.000000
0.681000	10.602672	0.000000
0.700333	10.722656	0.000000
0.719667	10.891886	0.000000
0.739000	11.064193	0.000000
0.758333	11.247760	0.000000
0.777667	11.608076	0.000000
0.797000	11.896395	0.000000
0.816333	12.157611	0.000000
0.835667	12.519904	0.000000
0.855000	12.961220	0.000000
0.874333	13.106454	0.000000
0.893667	13.167052	0.000000
0.913000	13.172508	0.000000
0.932333	13.347295	0.000000
0.951667	13.689353	0.000000
0.971000	13.033344	0.000000
0.990333	13.071202	0.000000

# Dumping simulation biases, in the metadata file order 
# Window  F (free energy units)
# 0	0.000000
# 1	-0.461836
# 2	-0.526168
# 3	-0.598193
# 4	-0.747843
# 5	-1.070334
# 6	-1.226022
# 7	-1.386667
# 8	-1.440059
# 9	-1.292535
# 10	-1.251397
# 11	-1.069855
# 12	-0.769352
# 13	-0.361877
# 14	0.090799
# 15	0.840658
# 16	1.702376
# 17	2.701217
# 18	3.884777
# 19	5.110733
# 20	6.480188
# 21	7.584971
# 22	8.015055
# 23	7.924274
# 24	7.953292
# 25	8.258187
# 26	8.974161
# 27	9.925009
# 28	11.183258
# 29	11.983564
#Iteration 210:  0.016529
#Iteration 220:  0.016046
#Iteration 230:  0.015563
#Iteration 240:  0.015080
#Iteration 250:  0.014602
#Iteration 260:  0.014129
#Iteration 270:  0.013663
#Iteration 280:  0.013205
#Iteration 290:  0.012757
#Iteration 300:  0.012319
-1.890333	0.836807	0.260890
-1.871000	0.818531	0.268763
-1.851667	0.784159	0.284219
-1.832333	0.675721	0.339051
-1.813000	0.820793	0.267776
-1.793667	0.711769	0.319741
-1.774333	0.614452	0.374587
-1.755000	0.705522	0.323006
-1.735667	0.881409	0.242631
-1.716333	0.663003	0.346140
-1.697000	0.843135	0.258218
-1.677667	0.722500	0.314207
-1.658333	0.639890	0.359402
-1.639000	0.598644	0.384345
-1.619667	0.685534	0.333682
-1.600333	0.628617	0.366054
-1.581000	0.802325	0.275943
-1.561667	0.708581	0.321403
-1.542333	0.562553	0.407586
-1.523000	0.759010	0.296088
-1.503667	0.768987	0.291322
-1.484333	0.641853	0.358257
-1.465000	0.505014	0.447581
-1.445667	0.434063	0.502341
-1.426333	0.355138	0.571163
-1.407000	0.305494	0.619204
-1.387667	0.282717	0.642578
-1.368333	0.208541	0.724990
-1.349000	0.228118	0.702265
-1.329667	0.156459	0.789093
-1.310333	0.309833	0.614849
-1.291000	0.269164	0.656903
-1.271667	0.240087	0.688723
-1.252333	0.264880	0.661497
-1.233000	0.202823	0.731765
-1.213667	0.292839	0.632084
-1.194333	0.158807	0.786085
-1.175000	0.181589	0.757484
-1.155667	0.033552	0.963746
-1.136333	0.000000	1.017812
-1.117000	0.139357	0.811355
-1.097667	0.157755	0.787431
-1.078333	0.226212	0.704445
-1.059000	0.406755	0.525161
-1.039667	0.484203	0.462993
-1.020333	0.662175	0.346606
-1.001000	0.703717	0.323956
-0.981667	0.465705	0.477137
-0.962333	0.476509	0.468824
-0.943000	0.450645	0.488972
-0.923667	0.473884	0.470831
-0.904333	0.592849	0.387985
-0.885000	0.805414	0.274560
-0.865667	0.848017	0.256175
-0.846333	0.786985	0.282916
-0.827000	1.011984	0.196197
-0.807667	0.865549	0.248972
-0.788333	1.117798	0.165172
-0.769000	1.012242	0.196115
-0.749667	1.034679	0.189086
-0.730333	1.356435	0.112031
-0.711000	1.403661	0.103746
-0.691667	1.480862	0.091501
-0.672333	1.842828	0.050780
-0.653000	1.700467	0.064014
-0.633667	2.003430	0.039105
-0.614333	2.001629	0.039220
-0.595000	1.996389	0.039555
-0.575667	2.094649	0.033712
-0.556333	2.184012	0.029151
-0.537000	2.466280	0.018417
-0.517667	2.494275	0.017597
-0.498333	2.697400	0.012645
-0.479000	2.859796	0.009710
-0.459667	3.108553	0.006478
-0.440333	3.330902	0.004512
-0.421000	3.545584	0.003182
-0.401667	3.824642	0.002021
-0.382333	3.858386	0.001913
-0.363000	4.034069	0.001437
-0.343667	4.290511	0.000947
-0.324333	4.606080	0.000567
-0.305000	4.651156	0.000527
-0.285667	4.982023	0.000307
-0.266333	5.196682	0.000217
-0.247000	5.488359	0.000135
-0.227667	5.492657	0.000134
-0.208333	6.119562	0.000048
-0.189000	6.283850	0.000037
-0.169667	6.647991	0.000020
-0.150333	6.839224	0.000015
-0.131000	6.980228	0.000012
-0.111667	7.272510	0.000007
-0.092333	7.560345	0.000005
-0.073000	7.806175	0.000003
-0.053667	8.185222	0.000002
-0.034333	8.363041	0.000001
-0.015000	8.686415	0.000001
0.004333	9.104768	0.000000
0.023667	9.401836	0.000000
0.043000	9.629263	0.000000
0.062333	10.200888	0.000000
0.081667	10.309360	0.000000
0.101000	10.396128	0.000000
0.120333	10.591406	0.000000
0.139667	10.972268	0.000000
0.159000	11.254546	0.000000
0.178333	11.417235	0.000000
0.197667	11.386459	0.000000
0.217000	11.706818	0.000000
0.236333	11.827099	0.000000
0.255667	11.896280	0.000000
0.275000	12.113173	0.000000
0.294333	12.011983	0.000000
0.313667	11.921369	0.000000
0.333000	11.888387	0.000000
0.352333	11.892106	0.000000
0.371667	11.790769	0.000000
0.391000	11.901717	0.000000
0.410333	11.826536	0.000000
0.429667	12.049071	0.000000
0.449000	11.930104	0.000000
0.468333	11.991210	0.000000
0.487667	11.967616	0.000000
0.507000	12.079808	0.000000
0.526333	12.088531	0.000000
0.545667	12.069142	0.000000
0.565000	12.140066	0.000000
0.584333	12.281583	0.000000
0.603667	12.607577	0.000000
0.623000	12.753939	0.000000
0.642333	12.864522	0.000000
0.661667	13.057632	0.000000
0.681000	13.222347	0.000000
0.700333	13.352127	0.000000
0.719667	13.530449	0.000000
0.739000	13.710763	0.000000
0.758333	13.901224	0.000000
0.777667	14.267525	0.000000
0.797000	14.560936	0.000000
0.816333	14.826156	0.000000
0.835667	15.191288	0.000000
0.855000	15.634460	0.000000
0.874333	15.780888	0.000000
0.893667	15.842337	0.000000
0.913000	15.848565	0.000000
0.932333	16.024267	0.000000
0.951667	16.367540	0.000000
0.971000	15.713073	0.000000
0.990333	15.752633	0.000000

# Dumping simulation biases, in the metadata file order 
# Window  F (free energy units)
# 0	0.000000
# 1	-0.454057
# 2	-0.496667
# 3	-0.533347
# 4	-0.626484
# 5	-0.886297
# 6	-0.969423
# 7	-1.033460
# 8	-0.998376
# 9	-0.727437
# 10	-0.564620
# 11	-0.244445
# 12	0.190101
# 13	0.762166
# 14	1.361815
# 15	2.261536
# 16	3.293766
# 17	4.451423
# 18	5.801033
# 19	7.188933
# 20	8.719178
# 21	10.018166
# 22	10.657899
# 23	10.700032
# 24	10.832242
# 25	11.209895
# 26	11.986202
# 27	12.978454
# 28	14.260312
# 29	15.071331
#Iteration 310:  0.011892
#Iteration 320:  0.011476
#Iteration 330:  0.011071
#Iteration 340:  0.010678
#Iteration 350:  0.010296
#Iteration 360:  0.009926
#Iteration 370:  0.009567
#Iteration 380:  0.009220
#Iteration 390:  0.008885
#Iteration 400:  0.008560
-1.890333	0.509769	0.260342
-1.871000	0.492327	0.267835
-1.851667	0.459104	0.282709
-1.832333	0.352103	0.336463
-1.813000	0.498895	0.264989
-1.793667	0.391979	0.315329
-1.774333	0.297323	0.367824
-1.755000	0.391640	0.315503
-1.735667	0.571168	0.235595
-1.716333	0.356577	0.334023
-1.697000	0.540751	0.247546
-1.677667	0.424684	0.298991
-1.658333	0.347369	0.339064
-1.639000	0.311957	0.359170
-1.619667	0.404868	0.308786
-1.600333	0.354143	0.335348
-1.581000	0.534652	0.250014
-1.561667	0.448710	0.287530
-1.542333	0.311257	0.359580
-1.523000	0.516294	0.257593
-1.503667	0.534351	0.250137
-1.484333	0.415112	0.303683
-1.465000	0.286783	0.374185
-1.445667	0.225454	0.413443
-1.426333	0.156989	0.462154
-1.407000	0.118024	0.492397
-1.387667	0.106022	0.502105
-1.368333	0.043134	0.556193
-1.349000	0.074698	0.528355
-1.329667	0.015264	0.581990
-1.310333	0.180668	0.444690
-1.291000	0.152213	0.465758
-1.271667	0.136419	0.477881
-1.252333	0.175857	0.448184
-1.233000	0.128974	0.483703
-1.213667	0.233625	0.407983
-1.194333	0.113611	0.495945
-1.175000	0.150639	0.466953
-1.155667	0.017723	0.579667
-1.136333	0.000000	0.596623
-1.117000	0.155579	0.463215
-1.097667	0.190917	0.437337
-1.078333	0.277458	0.379904
-1.059000	0.476646	0.274756
-1.039667	0.571914	0.235309
-1.020333	0.766250	0.171530
-1.001000	0.823609	0.156248
-0.981667	0.602403	0.223923
-0.962333	0.631646	0.213520
-0.943000	0.625106	0.215803
-0.923667	0.667607	0.201387
-0.904333	0.805935	0.160806
-0.885000	1.038805	0.110097
-0.865667	1.102654	0.099235
-0.846333	1.062652	0.105908
-0.827000	1.307620	0.071098
-0.807667	1.180675	0.087407
-0.788333	1.453102	0.056114
-0.769000	1.368639	0.064379
-0.749667	1.412286	0.059967
-0.730333	1.755015	0.034338
-0.711000	1.823802	0.030702
-0.691667	1.923947	0.026087
-0.672333	2.309547	0.013931
-0.653000	2.189840	0.016926
-0.633667	2.513845	0.009992
-0.614333	2.532592	0.009692
-0.595000	2.548892	0.009438
-0.575667	2.669887	0.007752
-0.556333	2.782197	0.006457
-0.537000	3.087054	0.003933
-0.517667	3.137739	0.003621
-0.498333	3.363965	0.002506
-0.479000	3.549213	0.001854
-0.459667	3.819994	0.001194
-0.440333	4.064222	0.000802
-0.421000	4.301880	0.000545
-0.401667	4.605079	0.000333
-0.382333	4.662757	0.000303
-0.363000	4.861105	0.000219
-0.343667	5.139503	0.000140
-0.324333	5.477565	0.000080
-0.305000	5.545872	0.000072
-0.285667	5.899738	0.000041
-0.266333	6.136626	0.000028
-0.247000	6.450460	0.000017
-0.227667	6.477567	0.000016
-0.208333	7.127345	0.000005
-0.189000	7.313330	0.000004
-0.169667	7.697879	0.000002
-0.150333	7.909522	0.000002
-0.131000	8.072080	0.000001
-0.111667	8.386685	0.000001
-0.092333	8.696309	0.000000
-0.073000	8.962956	0.000000
-0.053667	9.362654	0.000000
-0.034333	9.561551	0.000000
-0.015000	9.905682	0.000000
0.004333	10.343311	0.000000
0.023667	10.658310	0.000000
0.043000	10.903960	0.000000
0.062333	11.495729	0.000000
0.081667	11.626117	0.000000
0.101000	11.734427	0.000000
0.120333	11.948680	0.000000
0.139667	12.345740	0.000000
0.159000	12.643262	0.000000
0.178333	12.822752	0.000000
0.197667	12.811859	0.000000
0.217000	13.154398	0.000000
0.236333	13.296328	0.000000
0.255667	13.384038	0.000000
0.275000	13.615928	0.000000
0.294333	13.527778	0.000000
0.313667	13.450406	0.000000
0.333000	13.432228	0.000000
0.352333	13.452051	0.000000
0.371667	13.366708	0.000000
0.391000	13.492546	0.000000
0.410333	13.431431	0.000000
0.429667	13.667963	0.000000
0.449000	13.562976	0.000000
0.468333	13.637355	0.000000
0.487667	13.625906	0.000000
0.507000	13.749459	0.000000
0.526333	13.769252	0.000000
0.545667	13.760620	0.000000
0.565000	13.841700	0.000000
0.584333	13.992770	0.000000
0.603667	14.327877	0.000000
0.623000	14.482777	0.000000
0.642333	14.601011	0.000000
0.661667	14.800895	0.000000
0.681000	14.971861	0.000000
0.700333	15.107595	0.000000
0.719667	15.291429	0.000000
0.739000	15.476576	0.000000
0.758333	15.671194	0.000000
0.777667	16.041106	0.000000
0.797000	16.337586	0.000000
0.816333	16.605211	0.000000
0.835667	16.972041	0.000000
0.855000	17.416321	0.000000
0.874333	17.563461	0.000000
0.893667	17.625421	0.000000
0.913000	17.632118	0.000000
0.932333	17.808379	0.000000
0.951667	18.152397	0.000000
0.971000	17.498873	0.000000
0.990333	17.539472	0.000000

# Dumping simulation biases, in the metadata file order 
# Window  F (free energy units)
# 0	0.000000
# 1	-0.447748
# 2	-0.472810
# 3	-0.481061
# 4	-0.529179
# 5	-0.739066
# 6	-0.765782
# 7	-0.755101
# 8	-0.652254
# 9	-0.290582
# 10	-0.036598
# 11	0.383809
# 12	0.914583
# 13	1.601445
# 14	2.304526
# 15	3.305473
# 16	4.452787
# 17	5.716238
# 18	7.173169
# 19	8.666847
# 20	10.298339
# 21	11.719806
# 22	12.490219
# 23	12.616992
# 24	12.813357
# 25	13.236363
# 26	14.049630
# 27	15.067456
# 28	16.363751
# 29	17.181311
#Iteration 410:  0.008246
#Iteration 420:  0.007943
#Iteration 430:  0.007651
#Iteration 440:  0.007368
#Iteration 450:  0.007096
#Iteration 460:  0.006833
#Iteration 470:  0.006579
#Iteration 480:  0.006335
#Iteration 490:  0.006099
#Iteration 500:  0.005872
-1.890333	0.360900	0.259947
-1.871000	0.344058	0.267168
-1.851667	0.311664	0.281625
-1.832333	0.205699	0.334607
-1.813000	0.353735	0.262995
-1.793667	0.248346	0.312180
-1.774333	0.155616	0.363011
-1.755000	0.252277	0.310190
-1.735667	0.434426	0.230642
-1.716333	0.222581	0.325543
-1.697000	0.409675	0.240118
-1.677667	0.296919	0.288462
-1.658333	0.223433	0.325092
-1.639000	0.192224	0.342023
-1.619667	0.289468	0.291979
-1.600333	0.243221	0.314794
-1.581000	0.428671	0.232812
-1.561667	0.348382	0.265295
-1.542333	0.217082	0.328468
-1.523000	0.428220	0.232982
-1.503667	0.452023	0.224133
-1.484333	0.338455	0.269614
-1.465000	0.216299	0.328887
-1.445667	0.161946	0.359292
-1.426333	0.101004	0.396738
-1.407000	0.069678	0.417480
-1.387667	0.065393	0.420401
-1.368333	0.010607	0.459589
-1.349000	0.050741	0.430541
-1.329667	0.000000	0.467588
-1.310333	0.173975	0.352330
-1.291000	0.154316	0.363780
-1.271667	0.148141	0.367453
-1.252333	0.198093	0.338773
-1.233000	0.161938	0.359297
-1.213667	0.276845	0.298038
-1.194333	0.166710	0.356518
-1.175000	0.213892	0.330178
-1.155667	0.091786	0.402732
-1.136333	0.085341	0.406977
-1.117000	0.252473	0.310092
-1.097667	0.299890	0.287071
-1.078333	0.399231	0.244233
-1.059000	0.611385	0.172948
-1.039667	0.718868	0.145204
-1.020333	0.924476	0.103924
-1.001000	0.992989	0.092963
-0.981667	0.783845	0.130639
-0.962333	0.826288	0.121923
-0.943000	0.833411	0.120518
-0.923667	0.889451	0.110017
-0.904333	1.041454	0.085915
-0.885000	1.288666	0.057466
-0.865667	1.367332	0.050563
-0.846333	1.341772	0.052710
-0.827000	1.600438	0.034605
-0.807667	1.487048	0.041615
-0.788333	1.773644	0.026108
-0.769000	1.703929	0.029243
-0.749667	1.762303	0.026594
-0.730333	2.119649	0.014870
-0.711000	2.203581	0.012972
-0.691667	2.319742	0.010739
-0.672333	2.721499	0.005586
-0.653000	2.617024	0.006621
-0.633667	2.955250	0.003819
-0.614333	2.988187	0.003620
-0.595000	3.019540	0.003440
-0.575667	3.156312	0.002754
-0.556333	3.284364	0.002236
-0.537000	3.604681	0.001328
-0.517667	3.670935	0.001192
-0.498333	3.912935	0.000804
-0.479000	4.113661	0.000580
-0.459667	4.399402	0.000364
-0.440333	4.658708	0.000239
-0.421000	4.912284	0.000158
-0.401667	5.231988	0.000094
-0.382333	5.305731	0.000083
-0.363000	5.519232	0.000059
-0.343667	5.812493	0.000037
-0.324333	6.165913	0.000021
-0.305000	6.249969	0.000018
-0.285667	6.619256	0.000010
-0.266333	6.871053	0.000007
-0.247000	7.199860	0.000004
-0.227667	7.242339	0.000004
-0.208333	7.907318	0.000001
-0.189000	8.107602	0.000001
-0.169667	8.505745	0.000000
-0.150333	8.731240	0.000000
-0.131000	8.908478	0.000000
-0.111667	9.238078	0.000000
-0.092333	9.562145	0.000000
-0.073000	9.842597	0.000000
-0.053667	10.256090	0.000000
-0.034333	10.469016	0.000000
-0.015000	10.826787	0.000000
0.004333	11.277021	0.000000
0.023667	11.603951	0.000000
0.043000	11.862043	0.000000
0.062333	12.467621	0.000000
0.081667	12.612692	0.000000
0.101000	12.734969	0.000000
0.120333	12.961282	0.000000
0.139667	13.368775	0.000000
0.159000	13.676535	0.000000
0.178333	13.867661	0.000000
0.197667	13.870447	0.000000
0.217000	14.227724	0.000000
0.236333	14.383443	0.000000
0.255667	14.482607	0.000000
0.275000	14.723782	0.000000
0.294333	14.644000	0.000000
0.313667	14.575472	0.000000
0.333000	14.567309	0.000000
0.352333	14.597903	0.000000
0.371667	14.523071	0.000000
0.391000	14.658623	0.000000
0.410333	14.606727	0.000000
0.429667	14.852474	0.000000
0.449000	14.756646	0.000000
0.468333	14.839646	0.000000
0.487667	14.836072	0.000000
0.507000	14.967039	0.000000
0.526333	14.994090	0.000000
0.545667	14.992502	0.000000
0.565000	15.080215	0.000000
0.584333	15.237522	0.000000
0.603667	15.578575	0.000000
0.623000	15.739025	0.000000
0.642333	15.862215	0.000000
0.661667	16.066495	0.000000
0.681000	16.241537	0.000000
0.700333	16.381162	0.000000
0.719667	16.568590	0.000000
0.739000	16.756882	0.000000
0.758333	16.954202	0.000000
0.777667	17.326464	0.000000
0.797000	17.624940	0.000000
0.816333	17.894125	0.000000
0.835667	18.262053	0.000000
0.855000	18.707048	0.000000
0.874333	18.854650	0.000000
0.893667	18.916941	0.000000
0.913000	18.923944	0.000000
0.932333	19.100573	0.000000
0.951667	19.445080	0.000000
0.971000	18.792176	0.000000
0.990333	18.833455	0.000000

# Dumping simulation biases, in the metadata file order 
# Window  F (free energy units)
# 0	0.000000
# 1	-0.443231
# 2	-0.455751
# 3	-0.443696
# 4	-0.459774
# 5	-0.633947
# 6	-0.620801
# 7	-0.557246
# 8	-0.406391
# 9	0.018012
# 10	0.336460
# 11	0.826241
# 12	1.423923
# 13	2.189278
# 14	2.964132
# 15	4.033763
# 16	5.259364
# 17	6.594602
# 18	8.123248
# 19	9.688339
# 20	11.386864
# 21	12.889569
# 22	13.746199
# 23	13.929770
# 24	14.168544
# 25	14.621619
# 26	15.459141
# 27	16.493843
# 28	17.799612
# 29	18.621459
#Iteration 510:  0.005653
#Iteration 520:  0.005442
#Iteration 530:  0.005239
#Iteration 540:  0.005043
#Iteration 550:  0.004855
#Iteration 560:  0.004673
#Iteration 570:  0.004498
#Iteration 580:  0.004330
#Iteration 590:  0.004168
#Iteration 600:  0.004012
-1.890333	0.269383	0.259673
-1.871000	0.252959	0.266704
-1.851667	0.221140	0.280874
-1.832333	0.115897	0.333323
-1.813000	0.264799	0.261617
-1.793667	0.160475	0.310007
-1.774333	0.069086	0.359698
-1.755000	0.167379	0.306545
-1.735667	0.351347	0.227258
-1.716333	0.141411	0.319772
-1.697000	0.330539	0.235082
-1.677667	0.220093	0.281352
-1.658333	0.149276	0.315706
-1.639000	0.120990	0.330573
-1.619667	0.221245	0.280825
-1.600333	0.178120	0.301235
-1.581000	0.367027	0.221534
-1.561667	0.290684	0.250829
-1.542333	0.163651	0.308409
-1.523000	0.378995	0.217263
-1.503667	0.406761	0.207667
-1.484333	0.297137	0.248210
-1.465000	0.179303	0.300656
-1.445667	0.129826	0.325855
-1.426333	0.074116	0.356767
-1.407000	0.048084	0.372200
-1.387667	0.049154	0.371553
-1.368333	0.000000	0.402483
-1.349000	0.046077	0.373417
-1.329667	0.001342	0.401605
-1.310333	0.181256	0.299702
-1.291000	0.167738	0.306366
-1.271667	0.168298	0.306087
-1.252333	0.225561	0.278861
-1.233000	0.196785	0.292225
-1.213667	0.318718	0.239647
-1.194333	0.215391	0.283513
-1.175000	0.269625	0.259571
-1.155667	0.155039	0.312760
-1.136333	0.156420	0.312059
-1.117000	0.331568	0.234689
-1.097667	0.387373	0.214322
-1.078333	0.495546	0.179739
-1.059000	0.716540	0.125460
-1.039667	0.832292	0.103927
-1.020333	1.045584	0.073457
-1.001000	1.121836	0.064888
-0.981667	0.921147	0.089940
-0.962333	0.972805	0.082690
-0.943000	0.989380	0.080490
-0.923667	1.054761	0.072369
-0.904333	1.216232	0.055651
-0.885000	1.473365	0.036627
-0.865667	1.562181	0.031700
-0.846333	1.546428	0.032523
-0.827000	1.814419	0.021030
-0.807667	1.710360	0.024910
-0.788333	2.006763	0.015380
-0.769000	1.947212	0.016944
-0.749667	2.015697	0.015158
-0.730333	2.383116	0.008338
-0.711000	2.477530	0.007151
-0.691667	2.604704	0.005814
-0.672333	3.017414	0.002971
-0.653000	2.923181	0.003463
-0.633667	3.271045	0.001967
-0.614333	3.313755	0.001835
-0.595000	3.355531	0.001714
-0.575667	3.503153	0.001348
-0.556333	3.641952	0.001076
-0.537000	3.972825	0.000628
-0.517667	4.049728	0.000554
-0.498333	4.302482	0.000367
-0.479000	4.513714	0.000260
-0.459667	4.809653	0.000161
-0.440333	5.079339	0.000104
-0.421000	5.343888	0.000067
-0.401667	5.674844	0.000039
-0.382333	5.759417	0.000034
-0.363000	5.983143	0.000024
-0.343667	6.286536	0.000015
-0.324333	6.650469	0.000008
-0.305000	6.745238	0.000007
-0.285667	7.124950	0.000004
-0.266333	7.386848	0.000002
-0.247000	7.725851	0.000001
-0.227667	7.778766	0.000001
-0.208333	8.453970	0.000000
-0.189000	8.663844	0.000000
-0.169667	9.071197	0.000000
-0.150333	9.306189	0.000000
-0.131000	9.493485	0.000000
-0.111667	9.833251	0.000000
-0.092333	10.167036	0.000000
-0.073000	10.456800	0.000000
-0.053667	10.879642	0.000000
-0.034333	11.102045	0.000000
-0.015000	11.468955	0.000000
0.004333	11.927633	0.000000
0.023667	12.262669	0.000000
0.043000	12.529343	0.000000
0.062333	13.144434	0.000000
0.081667	13.299440	0.000000
0.101000	13.430967	0.000000
0.120333	13.665198	0.000000
0.139667	14.079638	0.000000
0.159000	14.394421	0.000000
0.178333	14.593652	0.000000
0.197667	14.605875	0.000000
0.217000	14.973064	0.000000
0.236333	15.137804	0.000000
0.255667	15.244345	0.000000
0.275000	15.491542	0.000000
0.294333	15.417341	0.000000
0.313667	15.354860	0.000000
0.333000	15.353575	0.000000
0.352333	15.391493	0.000000
0.371667	15.323726	0.000000
0.391000	15.465781	0.000000
0.410333	15.420083	0.000000
0.429667	15.672042	0.000000
0.449000	15.582363	0.000000
0.468333	15.671122	0.000000
0.487667	15.672806	0.000000
0.507000	15.808748	0.000000
0.526333	15.840683	0.000000
0.545667	15.843829	0.000000
0.565000	15.935994	0.000000
0.584333	16.097487	0.000000
0.603667	16.442528	0.000000
0.623000	16.606691	0.000000
0.642333	16.733191	0.000000
0.661667	16.940411	0.000000
0.681000	17.118187	0.000000
0.700333	17.260426	0.000000
0.719667	17.450266	0.000000
0.739000	17.640664	0.000000
0.758333	17.839794	0.000000
0.777667	18.213631	0.000000
0.797000	18.513444	0.000000
0.816333	18.783672	0.000000
0.835667	19.152334	0.000000
0.855000	19.597806	0.000000
0.874333	19.745716	0.000000
0.893667	19.808228	0.000000
0.913000	19.815437	0.000000
0.932333	19.992313	0.000000
0.951667	20.337151	0.000000
0.971000	19.684665	0.000000
0.990333	19.726402	0.000000

# Dumping simulation biases, in the metadata file order 
# Window  F (free energy units)
# 0	0.000000
# 1	-0.440107
# 2	-0.443959
# 3	-0.417868
# 4	-0.411843
# 5	-0.561261
# 6	-0.520683
# 7	-0.420675
# 8	-0.236615
# 9	0.230487
# 10	0.593614
# 11	1.130799
# 12	1.774483
# 13	2.593223
# 14	3.417529
# 15	4.533853
# 16	5.812806
# 17	7.197007
# 18	8.774158
# 19	10.387943
# 20	12.131671
# 21	13.689240
# 22	14.603973
# 23	14.826313
# 24	15.093755
# 25	15.567212
# 26	16.421068
# 27	17.467180
# 28	18.779332
# 29	19.604067
#Iteration 610:  0.003861
#Iteration 620:  0.003717
#Iteration 630:  0.003577
#Iteration 640:  0.003443
#Iteration 650:  0.003314
#Iteration 660:  0.003190
#Iteration 670:  0.003070
#Iteration 680:  0.002955
#Iteration 690:  0.002844
#Iteration 700:  0.002737
-1.890333	0.213766	0.259485
-1.871000	0.197630	0.266387
-1.851667	0.166206	0.280358
-1.832333	0.061458	0.332444
-1.813000	0.210955	0.260674
-1.793667	0.107364	0.308522
-1.774333	0.016900	0.357437
-1.755000	0.116313	0.304063
-1.735667	0.301530	0.224960
-1.716333	0.092904	0.315865
-1.697000	0.283431	0.231682
-1.677667	0.174578	0.276566
-1.658333	0.105598	0.309409
-1.639000	0.079320	0.322923
-1.619667	0.181643	0.273405
-1.600333	0.140668	0.292251
-1.581000	0.331960	0.214095
-1.561667	0.258336	0.241336
-1.542333	0.134229	0.295329
-1.523000	0.352445	0.207078
-1.503667	0.382922	0.197062
-1.484333	0.276010	0.234496
-1.465000	0.161161	0.282669
-1.445667	0.115050	0.304688
-1.426333	0.062935	0.331646
-1.407000	0.040535	0.343955
-1.387667	0.045282	0.341308
-1.368333	0.000000	0.367400
-1.349000	0.050154	0.338614
-1.329667	0.009533	0.361746
-1.310333	0.193523	0.268172
-1.291000	0.184243	0.272251
-1.271667	0.189457	0.269952
-1.252333	0.251746	0.243938
-1.233000	0.228007	0.253543
-1.213667	0.354724	0.206312
-1.194333	0.256056	0.242233
-1.175000	0.315143	0.220033
-1.155667	0.205734	0.262898
-1.136333	0.212494	0.260022
-1.117000	0.393153	0.193809
-1.097667	0.454723	0.175337
-1.078333	0.568939	0.145606
-1.059000	0.795936	0.100648
-1.039667	0.917281	0.082618
-1.020333	1.135805	0.057901
-1.001000	1.217390	0.050704
-0.981667	1.022564	0.069613
-0.962333	1.080585	0.063343
-0.943000	1.103646	0.061011
-0.923667	1.175429	0.054286
-0.904333	1.343404	0.041306
-0.885000	1.607344	0.026887
-0.865667	1.703078	0.023009
-0.846333	1.693976	0.023352
-0.827000	1.968310	0.014946
-0.807667	1.870649	0.017519
-0.788333	2.173797	0.010699
-0.769000	2.121213	0.011654
-0.749667	2.196612	0.010309
-0.730333	2.570941	0.005607
-0.711000	2.672560	0.004753
-0.691667	2.807264	0.003818
-0.672333	3.227392	0.001927
-0.653000	3.140071	0.002222
-0.633667	3.494486	0.001248
-0.614333	3.543909	0.001152
-0.595000	3.592863	0.001064
-0.575667	3.747918	0.000826
-0.556333	3.894045	0.000652
-0.537000	4.232119	0.000376
-0.517667	4.316298	0.000328
-0.498333	4.576378	0.000215
-0.479000	4.794752	0.000151
-0.459667	5.097653	0.000092
-0.440333	5.374471	0.000059
-0.421000	5.646552	0.000038
-0.401667	5.985172	0.000022
-0.382333	6.077073	0.000019
-0.363000	6.307730	0.000013
-0.343667	6.618043	0.000008
-0.324333	6.989170	0.000004
-0.305000	7.091236	0.000004
-0.285667	7.478022	0.000002
-0.266333	7.746791	0.000001
-0.247000	8.092751	0.000001
-0.227667	8.152769	0.000001
-0.208333	8.834891	0.000000
-0.189000	9.051249	0.000000
-0.169667	9.464876	0.000000
-0.150333	9.706388	0.000000
-0.131000	9.900576	0.000000
-0.111667	10.247258	0.000000
-0.092333	10.587622	0.000000
-0.073000	10.883707	0.000000
-0.053667	11.312915	0.000000
-0.034333	11.541755	0.000000
-0.015000	11.914840	0.000000
0.004333	12.379230	0.000000
0.023667	12.719807	0.000000
0.043000	12.992402	0.000000
0.062333	13.614034	0.000000
0.081667	13.775784	0.000000
0.101000	13.913505	0.000000
0.120333	14.153016	0.000000
0.139667	14.572147	0.000000
0.159000	14.891766	0.000000
0.178333	15.096625	0.000000
0.197667	15.115343	0.000000
0.217000	15.489231	0.000000
0.236333	15.659960	0.000000
0.255667	15.771358	0.000000
0.275000	16.022547	0.000000
0.294333	15.952125	0.000000
0.313667	15.893800	0.000000
0.333000	15.897248	0.000000
0.352333	15.940169	0.000000
0.371667	15.877189	0.000000
0.391000	16.023642	0.000000
0.410333	15.982148	0.000000
0.429667	16.238328	0.000000
0.449000	16.152816	0.000000
0.468333	16.245463	0.000000
0.487667	16.250700	0.000000
0.507000	16.390013	0.000000
0.526333	16.425264	0.000000
0.545667	16.431623	0.000000
0.565000	16.526804	0.000000
0.584333	16.691135	0.000000
0.603667	17.038878	0.000000
0.623000	17.205552	0.000000
0.642333	17.334288	0.000000
0.661667	17.543495	0.000000
0.681000	17.723125	0.000000
0.700333	17.867139	0.000000
0.719667	18.058613	0.000000
0.739000	18.250437	0.000000
0.758333	18.450793	0.000000
0.777667	18.825696	0.000000
0.797000	19.126413	0.000000
0.816333	19.397348	0.000000
0.835667	19.766505	0.000000
0.855000	20.212300	0.000000
0.874333	20.360417	0.000000
0.893667	20.423079	0.000000
0.913000	20.430428	0.000000
0.932333	20.607473	0.000000
0.951667	20.952536	0.000000
0.971000	20.300334	0.000000
0.990333	20.342382	0.000000

# Dumping simulation biases, in the metadata file order 
# Window  F (free energy units)
# 0	0.000000
# 1	-0.437968
# 2	-0.435890
# 3	-0.400193
# 4	-0.379061
# 5	-0.511495
# 6	-0.452184
# 7	-0.327245
# 8	-0.120409
# 9	0.375672
# 10	0.769523
# 11	1.338992
# 12	2.014171
# 13	2.869196
# 14	3.727445
# 15	4.875548
# 16	6.190877
# 17	7.608512
# 18	9.218619
# 19	10.865685
# 20	12.640100
# 21	14.234950
# 22	15.189135
# 23	15.438042
# 24	15.725005
# 25	16.212366
# 26	17.077320
# 27	18.131206
# 28	19.447697
# 29	20.274394
#Iteration 710:  0.002635
#Iteration 720:  0.002536
#Iteration 730:  0.002440
#Iteration 740:  0.002349
#Iteration 750:  0.002261
#Iteration 760:  0.002176
#Iteration 770:  0.002094
#Iteration 780:  0.002015
#Iteration 790:  0.001940
#Iteration 800:  0.001867
-1.890333	0.194519	0.259356
-1.871000	0.178578	0.266169
-1.851667	0.147425	0.280007
-1.832333	0.043016	0.331844
-1.813000	0.192921	0.260031
-1.793667	0.089832	0.307509
-1.774333	0.000000	0.355897
-1.755000	0.100180	0.302376
-1.735667	0.286251	0.223402
-1.716333	0.078521	0.313220
-1.697000	0.270007	0.229384
-1.677667	0.162244	0.273337
-1.658333	0.094523	0.305171
-1.639000	0.069618	0.317789
-1.619667	0.173356	0.268440
-1.600333	0.133855	0.286257
-1.581000	0.326785	0.209146
-1.561667	0.255024	0.235044
-1.542333	0.132915	0.286694
-1.523000	0.353089	0.200385
-1.503667	0.385415	0.190119
-1.484333	0.280361	0.225553
-1.465000	0.167562	0.270982
-1.445667	0.123760	0.290996
-1.426333	0.074106	0.315477
-1.407000	0.054188	0.325867
-1.387667	0.061451	0.322039
-1.368333	0.018820	0.345166
-1.349000	0.071762	0.316683
-1.329667	0.033951	0.336774
-1.310333	0.220729	0.248530
-1.291000	0.214359	0.251119
-1.271667	0.222770	0.247706
-1.252333	0.288497	0.222587
-1.233000	0.268189	0.230063
-1.213667	0.398162	0.186218
-1.194333	0.302676	0.217511
-1.175000	0.365089	0.196511
-1.155667	0.259229	0.233441
-1.136333	0.269673	0.229509
-1.117000	0.454105	0.170019
-1.097667	0.519622	0.152830
-1.078333	0.637963	0.126066
-1.059000	0.869035	0.086566
-1.039667	0.994169	0.070622
-1.020333	1.216256	0.049207
-1.001000	1.301507	0.042835
-0.981667	1.110720	0.058424
-0.962333	1.173113	0.052785
-0.943000	1.200611	0.050476
-0.923667	1.276770	0.044594
-0.904333	1.449199	0.033686
-0.885000	1.717794	0.021762
-0.865667	1.818237	0.018481
-0.846333	1.813649	0.018620
-0.827000	2.092302	0.011833
-0.807667	1.999020	0.013772
-0.788333	2.306791	0.008348
-0.769000	2.258970	0.009023
-0.749667	2.339092	0.007920
-0.730333	2.718149	0.004275
-0.711000	2.824705	0.003595
-0.691667	2.964547	0.002863
-0.672333	3.389706	0.001434
-0.653000	3.307063	0.001640
-0.633667	3.665940	0.000915
-0.614333	3.719966	0.000838
-0.595000	3.773847	0.000767
-0.575667	3.933983	0.000591
-0.556333	4.085104	0.000463
-0.537000	4.428091	0.000265
-0.517667	4.517236	0.000229
-0.498333	4.782309	0.000149
-0.479000	5.005546	0.000103
-0.459667	5.313200	0.000063
-0.440333	5.594906	0.000040
-0.421000	5.872147	0.000025
-0.401667	6.215986	0.000014
-0.382333	6.312857	0.000012
-0.363000	6.548225	0.000008
-0.343667	6.863264	0.000005
-0.324333	7.239311	0.000003
-0.305000	7.346350	0.000002
-0.285667	7.737945	0.000001
-0.266333	8.011394	0.000001
-0.247000	8.362104	0.000000
-0.227667	8.426960	0.000000
-0.208333	9.113776	0.000000
-0.189000	9.334534	0.000000
-0.169667	9.752446	0.000000
-0.150333	9.998428	0.000000
-0.131000	10.197334	0.000000
-0.111667	10.548724	0.000000
-0.092333	10.893557	0.000000
-0.073000	11.193944	0.000000
-0.053667	11.627493	0.000000
-0.034333	11.860714	0.000000
-0.015000	12.237988	0.000000
0.004333	12.706258	0.000000
0.023667	13.050626	0.000000
0.043000	13.327295	0.000000
0.062333	13.953416	0.000000
0.081667	14.119751	0.000000
0.101000	14.261644	0.000000
0.120333	14.504707	0.000000
0.139667	14.927024	0.000000
0.159000	15.249971	0.000000
0.178333	15.458718	0.000000
0.197667	15.481893	0.000000
0.217000	15.860321	0.000000
0.236333	16.035063	0.000000
0.255667	16.149696	0.000000
0.275000	16.403565	0.000000
0.294333	16.335713	0.000000
0.313667	16.280244	0.000000
0.333000	16.286945	0.000000
0.352333	16.333285	0.000000
0.371667	16.273560	0.000000
0.391000	16.422999	0.000000
0.410333	16.384367	0.000000
0.429667	16.643422	0.000000
0.449000	16.560743	0.000000
0.468333	16.656028	0.000000
0.487667	16.663676	0.000000
0.507000	16.805282	0.000000
0.526333	16.842792	0.000000
0.545667	16.851337	0.000000
0.565000	16.948569	0.000000
0.584333	17.114830	0.000000
0.603667	17.464411	0.000000
0.623000	17.632791	0.000000
0.642333	17.763045	0.000000
0.661667	17.973603	0.000000
0.681000	18.154494	0.000000
0.700333	18.299715	0.000000
0.719667	18.492301	0.000000
0.739000	18.685095	0.000000
0.758333	18.886283	0.000000
0.777667	19.261912	0.000000
0.797000	19.563244	0.000000
0.816333	19.834658	0.000000
0.835667	20.204152	0.000000
0.855000	20.650165	0.000000
0.874333	20.798423	0.000000
0.893667	20.861188	0.000000
0.913000	20.868632	0.000000
0.932333	21.045791	0.000000
0.951667	21.391007	0.000000
0.971000	20.738999	0.000000
0.990333	20.781259	0.000000

# Dumping simulation biases, in the metadata file order 
# Window  F (free energy units)
# 0	0.000000
# 1	-0.436509
# 2	-0.430385
# 3	-0.388135
# 4	-0.356700
# 5	-0.477525
# 6	-0.405446
# 7	-0.263498
# 8	-0.041085
# 9	0.474669
# 10	0.889575
# 11	1.481021
# 12	2.177727
# 13	3.057427
# 14	3.938924
# 15	5.108670
# 16	6.448804
# 17	7.889269
# 18	9.521811
# 19	11.191624
# 20	12.986925
# 21	14.607163
# 22	15.588207
# 23	15.855319
# 24	16.155598
# 25	16.652461
# 26	17.524976
# 27	18.584170
# 28	19.903619
# 29	20.731653
#Iteration 810:  0.001797
#Iteration 820:  0.001729
#Iteration 830:  0.001664
#Iteration 840:  0.001602
#Iteration 850:  0.001542
#Iteration 860:  0.001484
#Iteration 870:  0.001428
#Iteration 880:  0.001375
#Iteration 890:  0.001323
#Iteration 900:  0.001273
-1.890333	0.192914	0.259268
-1.871000	0.177108	0.266021
-1.851667	0.146139	0.279767
-1.832333	0.041961	0.331435
-1.813000	0.192145	0.259593
-1.793667	0.089399	0.306819
-1.774333	0.000000	0.354849
-1.755000	0.100704	0.301229
-1.735667	0.287358	0.222343
-1.716333	0.080240	0.311425
-1.697000	0.272380	0.227827
-1.677667	0.165364	0.271152
-1.658333	0.098504	0.302309
-1.639000	0.074537	0.314328
-1.619667	0.179241	0.265099
-1.600333	0.140748	0.282231
-1.581000	0.334798	0.205829
-1.561667	0.264312	0.230837
-1.542333	0.143567	0.280940
-1.523000	0.365075	0.195937
-1.503667	0.398661	0.185519
-1.484333	0.294877	0.219640
-1.465000	0.183482	0.263277
-1.445667	0.141261	0.281995
-1.426333	0.093289	0.304884
-1.407000	0.075064	0.314059
-1.387667	0.084047	0.309503
-1.368333	0.043227	0.330753
-1.349000	0.098073	0.302521
-1.329667	0.062178	0.320712
-1.310333	0.250862	0.235944
-1.291000	0.246484	0.237630
-1.271667	0.257085	0.233567
-1.252333	0.325162	0.209081
-1.233000	0.307190	0.215284
-1.213667	0.439379	0.173628
-1.194333	0.346065	0.202091
-1.175000	0.410753	0.181905
-1.155667	0.307322	0.215238
-1.136333	0.320283	0.210747
-1.117000	0.507294	0.155467
-1.097667	0.575509	0.139137
-1.078333	0.696662	0.114248
-1.059000	0.930503	0.078097
-1.039667	1.058210	0.063447
-1.020333	1.282727	0.044034
-1.001000	1.370489	0.038175
-0.981667	1.182476	0.051834
-0.962333	1.247864	0.046604
-0.943000	1.278393	0.044346
-0.923667	1.357541	0.038988
-0.904333	1.533015	0.029306
-0.885000	1.804788	0.018834
-0.865667	1.908438	0.015912
-0.846333	1.906919	0.015951
-0.827000	2.188513	0.010089
-0.807667	2.098224	0.011685
-0.788333	2.409158	0.007046
-0.769000	2.364592	0.007576
-0.749667	2.447937	0.006615
-0.730333	2.830226	0.003552
-0.711000	2.940159	0.002970
-0.691667	3.083504	0.002352
-0.672333	3.512080	0.001171
-0.653000	3.432612	0.001333
-0.633667	3.794529	0.000740
-0.614333	3.851708	0.000674
-0.595000	3.908963	0.000614
-0.575667	4.072569	0.000471
-0.556333	4.227095	0.000366
-0.537000	4.573431	0.000208
-0.517667	4.665966	0.000179
-0.498333	4.934443	0.000116
-0.479000	5.160991	0.000080
-0.459667	5.471891	0.000048
-0.440333	5.756943	0.000030
-0.421000	6.037712	0.000019
-0.401667	6.385105	0.000011
-0.382333	6.485353	0.000009
-0.363000	6.723928	0.000006
-0.343667	7.042196	0.000004
-0.324333	7.421603	0.000002
-0.305000	7.532031	0.000002
-0.285667	7.926900	0.000001
-0.266333	8.203539	0.000001
-0.247000	8.557491	0.000000
-0.227667	8.625644	0.000000
-0.208333	9.315651	0.000000
-0.189000	9.539403	0.000000
-0.169667	9.960240	0.000000
-0.150333	10.209284	0.000000
-0.131000	10.411416	0.000000
-0.111667	10.766014	0.000000
-0.092333	11.113886	0.000000
-0.073000	11.417203	0.000000
-0.053667	11.853715	0.000000
-0.034333	12.089919	0.000000
-0.015000	12.470040	0.000000
0.004333	12.940951	0.000000
0.023667	13.287912	0.000000
0.043000	13.567378	0.000000
0.062333	14.196572	0.000000
0.081667	14.366027	0.000000
0.101000	14.510743	0.000000
0.120333	14.756206	0.000000
0.139667	15.180692	0.000000
0.159000	15.505924	0.000000
0.178333	15.717348	0.000000
0.197667	15.743576	0.000000
0.217000	16.125086	0.000000
0.236333	16.302530	0.000000
0.255667	16.419337	0.000000
0.275000	16.675015	0.000000
0.294333	16.608916	0.000000
0.313667	16.555407	0.000000
0.333000	16.564339	0.000000
0.352333	16.613014	0.000000
0.371667	16.555505	0.000000
0.391000	16.706975	0.000000
0.410333	16.670293	0.000000
0.429667	16.931309	0.000000
0.449000	16.850559	0.000000
0.468333	16.947637	0.000000
0.487667	16.956925	0.000000
0.507000	17.100093	0.000000
0.526333	17.139143	0.000000
0.545667	17.149178	0.000000
0.565000	17.247808	0.000000
0.584333	17.415383	0.000000
0.603667	17.766215	0.000000
0.623000	17.935757	0.000000
0.642333	18.067042	0.000000
0.661667	18.278519	0.000000
0.681000	18.460269	0.000000
0.700333	18.606313	0.000000
0.719667	18.799658	0.000000
0.739000	18.993112	0.000000
0.758333	19.194867	0.000000
0.777667	19.570989	0.000000
0.797000	19.872741	0.000000
0.816333	20.144481	0.000000
0.835667	20.514203	0.000000
0.855000	20.960365	0.000000
0.874333	21.108719	0.000000
0.893667	21.171553	0.000000
0.913000	21.179062	0.000000
0.932333	21.356300	0.000000
0.951667	21.701621	0.000000
0.971000	21.049745	0.000000
0.990333	21.092150	0.000000

# Dumping simulation biases, in the metadata file order 
# Window  F (free energy units)
# 0	0.000000
# 1	-0.435513
# 2	-0.426632
# 3	-0.379913
# 4	-0.341458
# 5	-0.454356
# 6	-0.373578
# 7	-0.220032
# 8	0.013020
# 9	0.542146
# 10	0.971455
# 11	1.577865
# 12	2.289271
# 13	3.185764
# 14	4.083162
# 15	5.267657
# 16	6.624705
# 17	8.080756
# 18	9.728583
# 19	11.413938
# 20	13.223468
# 21	14.861009
# 22	15.860356
# 23	16.139931
# 24	16.449300
# 25	16.952654
# 26	17.830326
# 27	18.893143
# 28	20.214611
# 29	21.043557
#Iteration 910:  0.001225
#Iteration 920:  0.001179
#Iteration 930:  0.001135
#Iteration 940:  0.001093
#Iteration 950:  0.001052
#Iteration 960:  0.001012
#Iteration 970:  0.000974
#Iteration 980:  0.000937
#Iteration 990:  0.000902
#Iteration 1000:  0.000868
-1.890333	0.191819	0.259208
-1.871000	0.176104	0.265920
-1.851667	0.145261	0.279603
-1.832333	0.041241	0.331156
-1.813000	0.191615	0.259294
-1.793667	0.089104	0.306349
-1.774333	0.000000	0.354136
-1.755000	0.101061	0.300448
-1.735667	0.288114	0.221623
-1.716333	0.081413	0.310206
-1.697000	0.274001	0.226770
-1.677667	0.167494	0.269671
-1.658333	0.101221	0.300370
-1.639000	0.077895	0.311987
-1.619667	0.183259	0.262842
-1.600333	0.145454	0.279515
-1.581000	0.340271	0.203594
-1.561667	0.270655	0.228008
-1.542333	0.150840	0.277077
-1.523000	0.373257	0.192957
-1.503667	0.407702	0.182442
-1.484333	0.304786	0.215693
-1.465000	0.194352	0.258142
-1.445667	0.153211	0.276010
-1.426333	0.106387	0.297856
-1.407000	0.089318	0.306243
-1.387667	0.099474	0.301225
-1.368333	0.059891	0.321260
-1.349000	0.116036	0.293217
-1.329667	0.081449	0.310188
-1.310333	0.271434	0.227719
-1.291000	0.268419	0.228839
-1.271667	0.280517	0.224379
-1.252333	0.350198	0.200333
-1.233000	0.333818	0.205743
-1.213667	0.467516	0.165526
-1.194333	0.375684	0.192197
-1.175000	0.441927	0.172562
-1.155667	0.340155	0.203633
-1.136333	0.354835	0.198827
-1.117000	0.543608	0.146254
-1.097667	0.613666	0.130500
-1.078333	0.736736	0.106822
-1.059000	0.972461	0.072798
-1.039667	1.101917	0.058974
-1.020333	1.328090	0.040819
-1.001000	1.417571	0.035290
-0.981667	1.231459	0.047768
-0.962333	1.298895	0.042805
-0.943000	1.331494	0.040594
-0.923667	1.412681	0.035571
-0.904333	1.590235	0.026648
-0.885000	1.864178	0.017065
-0.865667	1.970012	0.014366
-0.846333	1.970580	0.014353
-0.827000	2.254178	0.009048
-0.807667	2.165935	0.010445
-0.788333	2.479032	0.006276
-0.769000	2.436687	0.006724
-0.749667	2.522231	0.005851
-0.730333	2.906728	0.003130
-0.711000	3.018967	0.002608
-0.691667	3.164701	0.002057
-0.672333	3.595600	0.001021
-0.653000	3.518290	0.001157
-0.633667	3.882280	0.000640
-0.614333	3.941616	0.000581
-0.595000	4.001179	0.000528
-0.575667	4.167153	0.000403
-0.556333	4.324000	0.000312
-0.537000	4.672622	0.000177
-0.517667	4.767469	0.000152
-0.498333	5.038266	0.000098
-0.479000	5.267072	0.000067
-0.459667	5.580186	0.000040
-0.440333	5.867527	0.000025
-0.421000	6.150705	0.000016
-0.401667	6.500521	0.000009
-0.382333	6.603066	0.000008
-0.363000	6.843825	0.000005
-0.343667	7.164297	0.000003
-0.324333	7.545999	0.000002
-0.305000	7.658738	0.000001
-0.285667	8.055837	0.000001
-0.266333	8.334651	0.000000
-0.247000	8.690816	0.000000
-0.227667	8.761217	0.000000
-0.208333	9.453395	0.000000
-0.189000	9.679185	0.000000
-0.169667	10.102019	0.000000
-0.150333	10.353157	0.000000
-0.131000	10.557493	0.000000
-0.111667	10.914277	0.000000
-0.092333	11.264219	0.000000
-0.073000	11.569533	0.000000
-0.053667	12.008065	0.000000
-0.034333	12.246303	0.000000
-0.015000	12.628362	0.000000
0.004333	13.101072	0.000000
0.023667	13.449806	0.000000
0.043000	13.731187	0.000000
0.062333	14.362484	0.000000
0.081667	14.534062	0.000000
0.101000	14.680692	0.000000
0.120333	14.927783	0.000000
0.139667	15.353747	0.000000
0.159000	15.680546	0.000000
0.178333	15.893807	0.000000
0.197667	15.922122	0.000000
0.217000	16.305728	0.000000
0.236333	16.484999	0.000000
0.255667	16.603274	0.000000
0.275000	16.860178	0.000000
0.294333	16.795274	0.000000
0.313667	16.743108	0.000000
0.333000	16.753567	0.000000
0.352333	16.803837	0.000000
0.371667	16.747837	0.000000
0.391000	16.900691	0.000000
0.410333	16.865339	0.000000
0.429667	17.127691	0.000000
0.449000	17.048256	0.000000
0.468333	17.146555	0.000000
0.487667	17.156959	0.000000
0.507000	17.301192	0.000000
0.526333	17.341292	0.000000
0.545667	17.352343	0.000000
0.565000	17.451925	0.000000
0.584333	17.620396	0.000000
0.603667	17.972081	0.000000
0.623000	18.142413	0.000000
0.642333	18.274402	0.000000
0.661667	18.486505	0.000000
0.681000	18.668841	0.000000
0.700333	18.815446	0.000000
0.719667	19.009307	0.000000
0.739000	19.203210	0.000000
0.758333	19.405352	0.000000
0.777667	19.781811	0.000000
0.797000	20.083848	0.000000
0.816333	20.355810	0.000000
0.835667	20.725689	0.000000
0.855000	21.171952	0.000000
0.874333	21.320371	0.000000
0.893667	21.383253	0.000000
0.913000	21.390805	0.000000
0.932333	21.568097	0.000000
0.951667	21.913489	0.000000
0.971000	21.261704	0.000000
0.990333	21.304207	0.000000

# Dumping simulation biases, in the metadata file order 
# Window  F (free energy units)
# 0	0.000000
# 1	-0.434835
# 2	-0.424074
# 3	-0.374308
# 4	-0.331068
# 5	-0.438557
# 6	-0.351850
# 7	-0.190398
# 8	0.049917
# 9	0.588141
# 10	1.027292
# 11	1.643896
# 12	2.365338
# 13	3.273267
# 14	4.181530
# 15	5.376077
# 16	6.744661
# 17	8.211349
# 18	9.869595
# 19	11.565563
# 20	13.384792
# 21	15.034130
# 22	16.045955
# 23	16.334052
# 24	16.649625
# 25	17.157413
# 26	18.038602
# 27	19.103894
# 28	20.426738
# 29	21.256307
#Iteration 1010:  0.000836
#Iteration 1020:  0.000804
#Iteration 1030:  0.000774
#Iteration 1040:  0.000745
#Iteration 1050:  0.000717
#Iteration 1060:  0.000690
#Iteration 1070:  0.000664
#Iteration 1080:  0.000639
#Iteration 1090:  0.000615
#Iteration 1100:  0.000592
-1.890333	0.191071	0.259167
-1.871000	0.175419	0.265851
-1.851667	0.144662	0.279491
-1.832333	0.040750	0.330966
-1.813000	0.191253	0.259090
-1.793667	0.088902	0.306029
-1.774333	0.000000	0.353649
-1.755000	0.101305	0.299916
-1.735667	0.288629	0.221133
-1.716333	0.082213	0.309377
-1.697000	0.275106	0.226052
-1.677667	0.168948	0.268664
-1.658333	0.103076	0.299053
-1.639000	0.080187	0.310399
-1.619667	0.186002	0.261313
-1.600333	0.148666	0.277676
-1.581000	0.344006	0.202083
-1.561667	0.274985	0.226097
-1.542333	0.155805	0.274470
-1.523000	0.378841	0.190950
-1.503667	0.413872	0.180372
-1.484333	0.311548	0.213040
-1.465000	0.201770	0.254695
-1.445667	0.161367	0.271998
-1.426333	0.115326	0.293153
-1.407000	0.099047	0.301020
-1.387667	0.110003	0.295702
-1.368333	0.071264	0.314937
-1.349000	0.128296	0.287032
-1.329667	0.094601	0.303205
-1.310333	0.285473	0.222271
-1.291000	0.283389	0.223026
-1.271667	0.296511	0.218316
-1.252333	0.367286	0.194573
-1.233000	0.351991	0.199475
-1.213667	0.486718	0.160215
-1.194333	0.395896	0.185725
-1.175000	0.463201	0.166463
-1.155667	0.362562	0.196074
-1.136333	0.378416	0.191082
-1.117000	0.568392	0.140281
-1.097667	0.639708	0.124915
-1.078333	0.764085	0.102033
-1.059000	1.001092	0.069390
-1.039667	1.131738	0.056104
-1.020333	1.359041	0.038762
-1.001000	1.449697	0.033447
-0.981667	1.264886	0.045177
-0.962333	1.333722	0.040391
-0.943000	1.367733	0.038217
-0.923667	1.450312	0.033413
-0.904333	1.629285	0.024973
-0.885000	1.904709	0.015954
-0.865667	2.012031	0.013399
-0.846333	2.014020	0.013355
-0.827000	2.298985	0.008401
-0.807667	2.212139	0.009676
-0.788333	2.526712	0.005800
-0.769000	2.485883	0.006198
-0.749667	2.572927	0.005380
-0.730333	2.958932	0.002871
-0.711000	3.072746	0.002386
-0.691667	3.220109	0.001877
-0.672333	3.652589	0.000929
-0.653000	3.576748	0.001051
-0.633667	3.942152	0.000580
-0.614333	4.002960	0.000525
-0.595000	4.064101	0.000476
-0.575667	4.231691	0.000362
-0.556333	4.390121	0.000280
-0.537000	4.740302	0.000158
-0.517667	4.836727	0.000135
-0.498333	5.109105	0.000087
-0.479000	5.339449	0.000060
-0.459667	5.654076	0.000036
-0.440333	5.942980	0.000022
-0.421000	6.227804	0.000014
-0.401667	6.579270	0.000008
-0.382333	6.683378	0.000007
-0.363000	6.925627	0.000005
-0.343667	7.247603	0.000003
-0.324333	7.630872	0.000001
-0.305000	7.745186	0.000001
-0.285667	8.143805	0.000001
-0.266333	8.424102	0.000000
-0.247000	8.781776	0.000000
-0.227667	8.853710	0.000000
-0.208333	9.547368	0.000000
-0.189000	9.774546	0.000000
-0.169667	10.198743	0.000000
-0.150333	10.451312	0.000000
-0.131000	10.657153	0.000000
-0.111667	11.015427	0.000000
-0.092333	11.366779	0.000000
-0.073000	11.673455	0.000000
-0.053667	12.113366	0.000000
-0.034333	12.352990	0.000000
-0.015000	12.736368	0.000000
0.004333	13.210304	0.000000
0.023667	13.560249	0.000000
0.043000	13.842942	0.000000
0.062333	14.475675	0.000000
0.081667	14.648699	0.000000
0.101000	14.796630	0.000000
0.120333	15.044827	0.000000
0.139667	15.471798	0.000000
0.159000	15.799669	0.000000
0.178333	16.014189	0.000000
0.197667	16.043930	0.000000
0.217000	16.428961	0.000000
0.236333	16.609472	0.000000
0.255667	16.728741	0.000000
0.275000	16.986477	0.000000
0.294333	16.922390	0.000000
0.313667	16.871142	0.000000
0.333000	16.882646	0.000000
0.352333	16.934005	0.000000
0.371667	16.879033	0.000000
0.391000	17.032830	0.000000
0.410333	16.998384	0.000000
0.429667	17.261649	0.000000
0.449000	17.183109	0.000000
0.468333	17.282239	0.000000
0.487667	17.293404	0.000000
0.507000	17.438364	0.000000
0.526333	17.479180	0.000000
0.545667	17.490923	0.000000
0.565000	17.591154	0.000000
0.584333	17.760236	0.000000
0.603667	18.112502	0.000000
0.623000	18.283374	0.000000
0.642333	18.415841	0.000000
0.661667	18.628370	0.000000
0.681000	18.811106	0.000000
0.700333	18.958094	0.000000
0.719667	19.152307	0.000000
0.739000	19.346517	0.000000
0.758333	19.548922	0.000000
0.777667	19.925610	0.000000
0.797000	20.227842	0.000000
0.816333	20.499956	0.000000
0.835667	20.869941	0.000000
0.855000	21.316273	0.000000
0.874333	21.464737	0.000000
0.893667	21.527650	0.000000
0.913000	21.535233	0.000000
0.932333	21.712561	0.000000
0.951667	22.058002	0.000000
0.971000	21.406278	0.000000
0.990333	21.448849	0.000000

# Dumping simulation biases, in the metadata file order 
# Window  F (free energy units)
# 0	0.000000
# 1	-0.434372
# 2	-0.422330
# 3	-0.370486
# 4	-0.323985
# 5	-0.427784
# 6	-0.337036
# 7	-0.170192
# 8	0.075080
# 9	0.619497
# 10	1.065370
# 11	1.688921
# 12	2.417211
# 13	3.332931
# 14	4.248615
# 15	5.450016
# 16	6.826467
# 17	8.300414
# 18	9.965762
# 19	11.668976
# 20	13.494817
# 21	15.152199
# 22	16.172533
# 23	16.466455
# 24	16.786260
# 25	17.297075
# 26	18.180663
# 27	19.247644
# 28	20.571428
# 29	21.401421
#Iteration 1110:  0.000570
#Iteration 1120:  0.000549
#Iteration 1130:  0.000528
#Iteration 1140:  0.000508
#Iteration 1150:  0.000489
#Iteration 1160:  0.000471
#Iteration 1170:  0.000453
#Iteration 1180:  0.000436
#Iteration 1190:  0.000420
#Iteration 1200:  0.000404
-1.890333	0.190561	0.259139
-1.871000	0.174951	0.265804
-1.851667	0.144253	0.279415
-1.832333	0.040414	0.330836
-1.813000	0.191007	0.258951
-1.793667	0.088765	0.305811
-1.774333	0.000000	0.353318
-1.755000	0.101472	0.299554
-1.735667	0.288981	0.220800
-1.716333	0.082759	0.308813
-1.697000	0.275861	0.225563
-1.677667	0.169940	0.267980
-1.658333	0.104342	0.298158
-1.639000	0.081751	0.309320
-1.619667	0.187873	0.260275
-1.600333	0.150858	0.276429
-1.581000	0.346555	0.201058
-1.561667	0.277940	0.224802
-1.542333	0.159192	0.272706
-1.523000	0.382651	0.189592
-1.503667	0.418082	0.178973
-1.484333	0.316162	0.211249
-1.465000	0.206832	0.252370
-1.445667	0.166933	0.269294
-1.426333	0.121426	0.289986
-1.407000	0.105685	0.297508
-1.387667	0.117188	0.291992
-1.368333	0.079025	0.310695
-1.349000	0.136661	0.282887
-1.329667	0.103575	0.298531
-1.310333	0.295053	0.218629
-1.291000	0.293605	0.219145
-1.271667	0.307425	0.214273
-1.252333	0.378947	0.190738
-1.233000	0.364391	0.195308
-1.213667	0.499819	0.156689
-1.194333	0.409686	0.181434
-1.175000	0.477717	0.162426
-1.155667	0.377851	0.191078
-1.136333	0.394507	0.185970
-1.117000	0.585303	0.136347
-1.097667	0.657477	0.121242
-1.078333	0.782746	0.098889
-1.059000	1.020626	0.067156
-1.039667	1.152083	0.054226
-1.020333	1.380156	0.037418
-1.001000	1.471615	0.032245
-0.981667	1.287693	0.043491
-0.962333	1.357485	0.038823
-0.943000	1.392459	0.036676
-0.923667	1.475988	0.032016
-0.904333	1.655930	0.023891
-0.885000	1.932365	0.015238
-0.865667	2.040700	0.012776
-0.846333	2.043658	0.012715
-0.827000	2.329554	0.007986
-0.807667	2.243661	0.009183
-0.788333	2.559243	0.005496
-0.769000	2.519449	0.005863
-0.749667	2.607516	0.005081
-0.730333	2.994549	0.002707
-0.711000	3.109439	0.002246
-0.691667	3.257912	0.001764
-0.672333	3.691470	0.000871
-0.653000	3.616628	0.000984
-0.633667	3.982996	0.000542
-0.614333	4.044812	0.000490
-0.595000	4.107029	0.000443
-0.575667	4.275722	0.000337
-0.556333	4.435231	0.000260
-0.537000	4.786475	0.000147
-0.517667	4.883976	0.000125
-0.498333	5.157433	0.000080
-0.479000	5.388827	0.000055
-0.459667	5.704484	0.000033
-0.440333	5.994456	0.000021
-0.421000	6.280403	0.000013
-0.401667	6.632995	0.000007
-0.382333	6.738168	0.000006
-0.363000	6.981432	0.000004
-0.343667	7.304435	0.000002
-0.324333	7.688772	0.000001
-0.305000	7.804161	0.000001
-0.285667	8.203815	0.000001
-0.266333	8.485124	0.000000
-0.247000	8.843829	0.000000
-0.227667	8.916807	0.000000
-0.208333	9.611473	0.000000
-0.189000	9.839597	0.000000
-0.169667	10.264724	0.000000
-0.150333	10.518271	0.000000
-0.131000	10.725139	0.000000
-0.111667	11.084430	0.000000
-0.092333	11.436742	0.000000
-0.073000	11.744347	0.000000
-0.053667	12.185198	0.000000
-0.034333	12.425767	0.000000
-0.015000	12.810045	0.000000
0.004333	13.284817	0.000000
0.023667	13.635589	0.000000
0.043000	13.919177	0.000000
0.062333	14.552891	0.000000
0.081667	14.726901	0.000000
0.101000	14.875717	0.000000
0.120333	15.124666	0.000000
0.139667	15.552324	0.000000
0.159000	15.880928	0.000000
0.178333	16.096309	0.000000
0.197667	16.127024	0.000000
0.217000	16.513026	0.000000
0.236333	16.694379	0.000000
0.255667	16.814323	0.000000
0.275000	17.072625	0.000000
0.294333	17.009094	0.000000
0.313667	16.958474	0.000000
0.333000	16.970692	0.000000
0.352333	17.022794	0.000000
0.371667	16.968524	0.000000
0.391000	17.122963	0.000000
0.410333	17.089135	0.000000
0.429667	17.353022	0.000000
0.449000	17.275092	0.000000
0.468333	17.374790	0.000000
0.487667	17.386472	0.000000
0.507000	17.531927	0.000000
0.526333	17.573232	0.000000
0.545667	17.585447	0.000000
0.565000	17.686121	0.000000
0.584333	17.855620	0.000000
0.603667	18.208283	0.000000
0.623000	18.379521	0.000000
0.642333	18.512315	0.000000
0.661667	18.725135	0.000000
0.681000	18.908143	0.000000
0.700333	19.055392	0.000000
0.719667	19.249845	0.000000
0.739000	19.444264	0.000000
0.758333	19.646849	0.000000
0.777667	20.023694	0.000000
0.797000	20.326058	0.000000
0.816333	20.598275	0.000000
0.835667	20.968332	0.000000
0.855000	21.414711	0.000000
0.874333	21.563206	0.000000
0.893667	21.626141	0.000000
0.913000	21.633745	0.000000
0.932333	21.811098	0.000000
0.951667	22.156572	0.000000
0.971000	21.504890	0.000000
0.990333	21.547506	0.000000

# Dumping simulation biases, in the metadata file order 
# Window  F (free energy units)
# 0	0.000000
# 1	-0.434057
# 2	-0.421141
# 3	-0.367881
# 4	-0.319156
# 5	-0.420437
# 6	-0.326934
# 7	-0.156413
# 8	0.092240
# 9	0.640877
# 10	1.091338
# 11	1.719625
# 12	2.452587
# 13	3.373618
# 14	4.294367
# 15	5.500442
# 16	6.882258
# 17	8.361158
# 18	10.031349
# 19	11.739507
# 20	13.569858
# 21	15.232725
# 22	16.258862
# 23	16.556761
# 24	16.879455
# 25	17.392335
# 26	18.277560
# 27	19.345694
# 28	20.670118
# 29	21.500401
#Iteration 1210:  0.000389
#Iteration 1220:  0.000374
#Iteration 1230:  0.000360
#Iteration 1240:  0.000347
#Iteration 1250:  0.000334
#Iteration 1260:  0.000321
#Iteration 1270:  0.000309
#Iteration 1280:  0.000297
#Iteration 1290:  0.000286
#Iteration 1300:  0.000276
-1.890333	0.190213	0.259120
-1.871000	0.174632	0.265772
-1.851667	0.143974	0.279363
-1.832333	0.040185	0.330747
-1.813000	0.190838	0.258857
-1.793667	0.088671	0.305662
-1.774333	0.000000	0.353092
-1.755000	0.101585	0.299307
-1.735667	0.289221	0.220572
-1.716333	0.083132	0.308428
-1.697000	0.276375	0.225230
-1.677667	0.170617	0.267514
-1.658333	0.105206	0.297549
-1.639000	0.082818	0.308586
-1.619667	0.189149	0.259569
-1.600333	0.152354	0.275581
-1.581000	0.348295	0.200362
-1.561667	0.279956	0.223922
-1.542333	0.161504	0.271509
-1.523000	0.385250	0.188671
-1.503667	0.420953	0.178025
-1.484333	0.319309	0.210036
-1.465000	0.210285	0.250795
-1.445667	0.170730	0.267464
-1.426333	0.125588	0.287845
-1.407000	0.110214	0.295135
-1.387667	0.122089	0.289488
-1.368333	0.084320	0.307833
-1.349000	0.142369	0.280094
-1.329667	0.109697	0.295383
-1.310333	0.301589	0.216179
-1.291000	0.300574	0.216536
-1.271667	0.314872	0.211558
-1.252333	0.386903	0.188165
-1.233000	0.372851	0.192516
-1.213667	0.508757	0.154329
-1.194333	0.419095	0.178564
-1.175000	0.487620	0.159728
-1.155667	0.388282	0.187743
-1.136333	0.405484	0.182562
-1.117000	0.596841	0.133726
-1.097667	0.669600	0.118798
-1.078333	0.795477	0.096800
-1.059000	1.033952	0.065674
-1.039667	1.165962	0.052982
-1.020333	1.394560	0.036528
-1.001000	1.486568	0.031450
-0.981667	1.303253	0.042377
-0.962333	1.373697	0.037789
-0.943000	1.409328	0.035660
-0.923667	1.493505	0.031097
-0.904333	1.674109	0.023180
-0.885000	1.951232	0.014768
-0.865667	2.060259	0.012368
-0.846333	2.063877	0.012295
-0.827000	2.350408	0.007714
-0.807667	2.265166	0.008862
-0.788333	2.581436	0.005298
-0.769000	2.542347	0.005645
-0.749667	2.631113	0.004886
-0.730333	3.018848	0.002600
-0.711000	3.134471	0.002155
-0.691667	3.283702	0.001690
-0.672333	3.717993	0.000834
-0.653000	3.643833	0.000941
-0.633667	4.010859	0.000518
-0.614333	4.073361	0.000468
-0.595000	4.136314	0.000422
-0.575667	4.305759	0.000321
-0.556333	4.466005	0.000247
-0.537000	4.817974	0.000139
-0.517667	4.916209	0.000119
-0.498333	5.190401	0.000076
-0.479000	5.422510	0.000052
-0.459667	5.738872	0.000031
-0.440333	6.029572	0.000019
-0.421000	6.316286	0.000012
-0.401667	6.669644	0.000007
-0.382333	6.775544	0.000006
-0.363000	7.019499	0.000004
-0.343667	7.343203	0.000002
-0.324333	7.728270	0.000001
-0.305000	7.844391	0.000001
-0.285667	8.244752	0.000001
-0.266333	8.526750	0.000000
-0.247000	8.886158	0.000000
-0.227667	8.959849	0.000000
-0.208333	9.655201	0.000000
-0.189000	9.883971	0.000000
-0.169667	10.309733	0.000000
-0.150333	10.563947	0.000000
-0.131000	10.771516	0.000000
-0.111667	11.131499	0.000000
-0.092333	11.484467	0.000000
-0.073000	11.792705	0.000000
-0.053667	12.234197	0.000000
-0.034333	12.475411	0.000000
-0.015000	12.860302	0.000000
0.004333	13.335644	0.000000
0.023667	13.686980	0.000000
0.043000	13.971180	0.000000
0.062333	14.605563	0.000000
0.081667	14.780245	0.000000
0.101000	14.929663	0.000000
0.120333	15.179125	0.000000
0.139667	15.607252	0.000000
0.159000	15.936357	0.000000
0.178333	16.152325	0.000000
0.197667	16.183705	0.000000
0.217000	16.570369	0.000000
0.236333	16.752294	0.000000
0.255667	16.872697	0.000000
0.275000	17.131384	0.000000
0.294333	17.068234	0.000000
0.313667	17.018042	0.000000
0.333000	17.030748	0.000000
0.352333	17.083357	0.000000
0.371667	17.029565	0.000000
0.391000	17.184442	0.000000
0.410333	17.151036	0.000000
0.429667	17.415347	0.000000
0.449000	17.337834	0.000000
0.468333	17.437917	0.000000
0.487667	17.449953	0.000000
0.507000	17.595746	0.000000
0.526333	17.637384	0.000000
0.545667	17.649921	0.000000
0.565000	17.750897	0.000000
0.584333	17.920680	0.000000
0.603667	18.273613	0.000000
0.623000	18.445102	0.000000
0.642333	18.578119	0.000000
0.661667	18.791137	0.000000
0.681000	18.974331	0.000000
0.700333	19.121758	0.000000
0.719667	19.316374	0.000000
0.739000	19.510936	0.000000
0.758333	19.713643	0.000000
0.777667	20.090594	0.000000
0.797000	20.393049	0.000000
0.816333	20.665336	0.000000
0.835667	21.035443	0.000000
0.855000	21.481854	0.000000
0.874333	21.630369	0.000000
0.893667	21.693320	0.000000
0.913000	21.700937	0.000000
0.932333	21.878307	0.000000
0.951667	22.223804	0.000000
0.971000	21.572151	0.000000
0.990333	21.614799	0.000000

# Dumping simulation biases, in the metadata file order 
# Window  F (free energy units)
# 0	0.000000
# 1	-0.433842
# 2	-0.420330
# 3	-0.366104
# 4	-0.315863
# 5	-0.415427
# 6	-0.320045
# 7	-0.147017
# 8	0.103943
# 9	0.655456
# 10	1.109049
# 11	1.740564
# 12	2.476714
# 13	3.401365
# 14	4.325572
# 15	5.534833
# 16	6.920309
# 17	8.402587
# 18	10.076081
# 19	11.787613
# 20	13.621039
# 21	15.287647
# 22	16.317741
# 23	16.618356
# 24	16.943020
# 25	17.457310
# 26	18.343652
# 27	19.412571
# 28	20.737433
# 29	21.567913
#Iteration 1310:  0.000265
#Iteration 1320:  0.000255
#Iteration 1330:  0.000246
#Iteration 1340:  0.000236
#Iteration 1350:  0.000228
#Iteration 1360:  0.000219
#Iteration 1370:  0.000211
#Iteration 1380:  0.000203
#Iteration 1390:  0.000195
#Iteration 1400:  0.000188
-1.890333	0.189975	0.259107
-1.871000	0.174414	0.265750
-1.851667	0.143783	0.279328
-1.832333	0.040029	0.330687
-1.813000	0.190723	0.258792
-1.793667	0.088607	0.305560
-1.774333	0.000000	0.352938
-1.755000	0.101663	0.299139
-1.735667	0.289385	0.220417
-1.716333	0.083386	0.308166
-1.697000	0.276727	0.225003
-1.677667	0.171078	0.267196
-1.658333	0.105795	0.297135
-1.639000	0.083546	0.308086
-1.619667	0.190020	0.259088
-1.600333	0.153374	0.275004
-1.581000	0.349481	0.199888
-1.561667	0.281331	0.223324
-1.542333	0.163080	0.270695
-1.523000	0.387023	0.188046
-1.503667	0.422912	0.177381
-1.484333	0.321457	0.209212
-1.465000	0.212641	0.249727
-1.445667	0.173321	0.266223
-1.426333	0.128428	0.286393
-1.407000	0.113304	0.293527
-1.387667	0.125433	0.287792
-1.368333	0.087932	0.305896
-1.349000	0.146262	0.278204
-1.329667	0.113873	0.293255
-1.310333	0.306047	0.214523
-1.291000	0.305329	0.214774
-1.271667	0.319952	0.209725
-1.252333	0.392331	0.186429
-1.233000	0.378622	0.190633
-1.213667	0.514854	0.152739
-1.194333	0.425512	0.176632
-1.175000	0.494375	0.157913
-1.155667	0.395398	0.185501
-1.136333	0.412973	0.180273
-1.117000	0.604712	0.131967
-1.097667	0.677870	0.117160
-1.078333	0.804162	0.095401
-1.059000	1.043043	0.064682
-1.039667	1.175429	0.052149
-1.020333	1.404385	0.035933
-1.001000	1.496768	0.030919
-0.981667	1.313867	0.041633
-0.962333	1.384757	0.037099
-0.943000	1.420837	0.034984
-0.923667	1.505455	0.030485
-0.904333	1.686510	0.022707
-0.885000	1.964103	0.014456
-0.865667	2.073602	0.012097
-0.846333	2.077669	0.012017
-0.827000	2.364634	0.007535
-0.807667	2.279836	0.008649
-0.788333	2.596575	0.005167
-0.769000	2.557968	0.005501
-0.749667	2.647210	0.004758
-0.730333	3.035424	0.002530
-0.711000	3.151548	0.002095
-0.691667	3.301295	0.001642
-0.672333	3.736086	0.000809
-0.653000	3.662391	0.000912
-0.633667	4.029865	0.000502
-0.614333	4.092836	0.000453
-0.595000	4.156291	0.000409
-0.575667	4.326249	0.000310
-0.556333	4.486997	0.000239
-0.537000	4.839460	0.000134
-0.517667	4.938196	0.000115
-0.498333	5.212890	0.000073
-0.479000	5.445487	0.000050
-0.459667	5.762329	0.000030
-0.440333	6.053527	0.000019
-0.421000	6.340763	0.000012
-0.401667	6.694644	0.000007
-0.382333	6.801039	0.000006
-0.363000	7.045466	0.000004
-0.343667	7.369647	0.000002
-0.324333	7.755212	0.000001
-0.305000	7.871833	0.000001
-0.285667	8.272675	0.000001
-0.266333	8.555145	0.000000
-0.247000	8.915031	0.000000
-0.227667	8.989208	0.000000
-0.208333	9.685029	0.000000
-0.189000	9.914238	0.000000
-0.169667	10.340434	0.000000
-0.150333	10.595103	0.000000
-0.131000	10.803151	0.000000
-0.111667	11.163607	0.000000
-0.092333	11.517021	0.000000
-0.073000	11.825691	0.000000
-0.053667	12.267621	0.000000
-0.034333	12.509274	0.000000
-0.015000	12.894582	0.000000
0.004333	13.370313	0.000000
0.023667	13.722035	0.000000
0.043000	14.006653	0.000000
0.062333	14.641492	0.000000
0.081667	14.816633	0.000000
0.101000	14.966461	0.000000
0.120333	15.216271	0.000000
0.139667	15.644718	0.000000
0.159000	15.974165	0.000000
0.178333	16.190535	0.000000
0.197667	16.222369	0.000000
0.217000	16.609483	0.000000
0.236333	16.791798	0.000000
0.255667	16.912513	0.000000
0.275000	17.171463	0.000000
0.294333	17.108572	0.000000
0.313667	17.058673	0.000000
0.333000	17.071712	0.000000
0.352333	17.124666	0.000000
0.371667	17.071200	0.000000
0.391000	17.226376	0.000000
0.410333	17.193257	0.000000
0.429667	17.457858	0.000000
0.449000	17.380629	0.000000
0.468333	17.480976	0.000000
0.487667	17.493253	0.000000
0.507000	17.639276	0.000000
0.526333	17.681141	0.000000
0.545667	17.693898	0.000000
0.565000	17.795080	0.000000
0.584333	17.965056	0.000000
0.603667	18.318173	0.000000
0.623000	18.489833	0.000000
0.642333	18.623002	0.000000
0.661667	18.836155	0.000000
0.681000	19.019476	0.000000
0.700333	19.167024	0.000000
0.719667	19.361752	0.000000
0.739000	19.556411	0.000000
0.758333	19.759202	0.000000
0.777667	20.136226	0.000000
0.797000	20.438742	0.000000
0.816333	20.711078	0.000000
0.835667	21.081218	0.000000
0.855000	21.527651	0.000000
0.874333	21.676180	0.000000
0.893667	21.739141	0.000000
0.913000	21.746768	0.000000
0.932333	21.924149	0.000000
0.951667	22.269661	0.000000
0.971000	21.618028	0.000000
0.990333	21.660697	0.000000

# Dumping simulation biases, in the metadata file order 
# Window  F (free energy units)
# 0	0.000000
# 1	-0.433695
# 2	-0.419776
# 3	-0.364892
# 4	-0.313617
# 5	-0.412009
# 6	-0.315347
# 7	-0.140609
# 8	0.111925
# 9	0.665398
# 10	1.121128
# 11	1.754845
# 12	2.493169
# 13	3.420288
# 14	4.346854
# 15	5.558289
# 16	6.946261
# 17	8.430843
# 18	10.106590
# 19	11.820424
# 20	13.655948
# 21	15.325107
# 22	16.357900
# 23	16.660367
# 24	16.986376
# 25	17.501628
# 26	18.388731
# 27	19.458187
# 28	20.783347
# 29	21.613962
#Iteration 1410:  0.000181
#Iteration 1420:  0.000174
#Iteration 1430:  0.000168
#Iteration 1440:  0.000161
#Iteration 1450:  0.000155
#Iteration 1460:  0.000149
#Iteration 1470:  0.000144
#Iteration 1480:  0.000138
#Iteration 1490:  0.000133
#Iteration 1500:  0.000128
-1.890333	0.189813	0.259098
-1.871000	0.174266	0.265735
-1.851667	0.143653	0.279304
-1.832333	0.039923	0.330646
-1.813000	0.190645	0.258748
-1.793667	0.088563	0.305491
-1.774333	0.000000	0.352833
-1.755000	0.101716	0.299024
-1.735667	0.289496	0.220312
-1.716333	0.083559	0.307988
-1.697000	0.276966	0.224849
-1.677667	0.171393	0.266980
-1.658333	0.106197	0.296852
-1.639000	0.084042	0.307746
-1.619667	0.190614	0.258761
-1.600333	0.154070	0.274611
-1.581000	0.350291	0.199566
-1.561667	0.282269	0.222917
-1.542333	0.164156	0.270142
-1.523000	0.388233	0.187620
-1.503667	0.424248	0.176943
-1.484333	0.322921	0.208652
-1.465000	0.214248	0.249001
-1.445667	0.175088	0.265380
-1.426333	0.130365	0.285407
-1.407000	0.115411	0.292435
-1.387667	0.127714	0.286641
-1.368333	0.090396	0.304581
-1.349000	0.148918	0.276922
-1.329667	0.116722	0.291812
-1.310333	0.309088	0.213401
-1.291000	0.308572	0.213580
-1.271667	0.323417	0.208484
-1.252333	0.396033	0.185254
-1.233000	0.382559	0.189360
-1.213667	0.519013	0.151664
-1.194333	0.429890	0.175327
-1.175000	0.498983	0.156687
-1.155667	0.400252	0.183987
-1.136333	0.418081	0.178727
-1.117000	0.610081	0.130780
-1.097667	0.683512	0.116055
-1.078333	0.810086	0.094458
-1.059000	1.049244	0.064013
-1.039667	1.181887	0.051589
-1.020333	1.411088	0.035532
-1.001000	1.503725	0.030562
-0.981667	1.321107	0.041134
-0.962333	1.392301	0.036635
-0.943000	1.428687	0.034530
-0.923667	1.513607	0.030074
-0.904333	1.694969	0.022390
-0.885000	1.972883	0.014247
-0.865667	2.082703	0.011916
-0.846333	2.087077	0.011831
-0.827000	2.374338	0.007415
-0.807667	2.289842	0.008507
-0.788333	2.606902	0.005079
-0.769000	2.568623	0.005405
-0.749667	2.658190	0.004672
-0.730333	3.046731	0.002483
-0.711000	3.163196	0.002055
-0.691667	3.313296	0.001610
-0.672333	3.748428	0.000793
-0.653000	3.675049	0.000894
-0.633667	4.042829	0.000491
-0.614333	4.106121	0.000443
-0.595000	4.169917	0.000399
-0.575667	4.340226	0.000303
-0.556333	4.501316	0.000233
-0.537000	4.854117	0.000131
-0.517667	4.953194	0.000112
-0.498333	5.228230	0.000071
-0.479000	5.461160	0.000049
-0.459667	5.778329	0.000029
-0.440333	6.069866	0.000018
-0.421000	6.357459	0.000011
-0.401667	6.711697	0.000006
-0.382333	6.818430	0.000005
-0.363000	7.063178	0.000004
-0.343667	7.387686	0.000002
-0.324333	7.773590	0.000001
-0.305000	7.890551	0.000001
-0.285667	8.291722	0.000000
-0.266333	8.574513	0.000000
-0.247000	8.934726	0.000000
-0.227667	9.009235	0.000000
-0.208333	9.705375	0.000000
-0.189000	9.934884	0.000000
-0.169667	10.361375	0.000000
-0.150333	10.616355	0.000000
-0.131000	10.824729	0.000000
-0.111667	11.185507	0.000000
-0.092333	11.539226	0.000000
-0.073000	11.848190	0.000000
-0.053667	12.290418	0.000000
-0.034333	12.532372	0.000000
-0.015000	12.917965	0.000000
0.004333	13.393961	0.000000
0.023667	13.745945	0.000000
0.043000	14.030848	0.000000
0.062333	14.666000	0.000000
0.081667	14.841452	0.000000
0.101000	14.991560	0.000000
0.120333	15.241609	0.000000
0.139667	15.670273	0.000000
0.159000	15.999953	0.000000
0.178333	16.216598	0.000000
0.197667	16.248741	0.000000
0.217000	16.636163	0.000000
0.236333	16.818743	0.000000
0.255667	16.939671	0.000000
0.275000	17.198800	0.000000
0.294333	17.136085	0.000000
0.313667	17.086386	0.000000
0.333000	17.099652	0.000000
0.352333	17.152843	0.000000
0.371667	17.099599	0.000000
0.391000	17.254978	0.000000
0.410333	17.222056	0.000000
0.429667	17.486854	0.000000
0.449000	17.409818	0.000000
0.468333	17.510345	0.000000
0.487667	17.522786	0.000000
0.507000	17.668966	0.000000
0.526333	17.710987	0.000000
0.545667	17.723893	0.000000
0.565000	17.825216	0.000000
0.584333	17.995324	0.000000
0.603667	18.348567	0.000000
0.623000	18.520344	0.000000
0.642333	18.653615	0.000000
0.661667	18.866861	0.000000
0.681000	19.050268	0.000000
0.700333	19.197899	0.000000
0.719667	19.392704	0.000000
0.739000	19.587429	0.000000
0.758333	19.790276	0.000000
0.777667	20.167350	0.000000
0.797000	20.469908	0.000000
0.816333	20.742276	0.000000
0.835667	21.112440	0.000000
0.855000	21.558888	0.000000
0.874333	21.707426	0.000000
0.893667	21.770394	0.000000
0.913000	21.778028	0.000000
0.932333	21.955417	0.000000
0.951667	22.300940	0.000000
0.971000	21.649320	0.000000
0.990333	21.692004	0.000000

# Dumping simulation biases, in the metadata file order 
# Window  F (free energy units)
# 0	0.000000
# 1	-0.433595
# 2	-0.419399
# 3	-0.364065
# 4	-0.312085
# 5	-0.409679
# 6	-0.312142
# 7	-0.136239
# 8	0.117369
# 9	0.672178
# 10	1.129367
# 11	1.764584
# 12	2.504392
# 13	3.433195
# 14	4.361370
# 15	5.574287
# 16	6.963961
# 17	8.450116
# 18	10.127399
# 19	11.842803
# 20	13.679757
# 21	15.350656
# 22	16.385290
# 23	16.689022
# 24	17.015947
# 25	17.531856
# 26	18.419478
# 27	19.489300
# 28	20.814663
# 29	21.645371
#Iteration 1510:  0.000123
#Iteration 1520:  0.000119
#Iteration 1530:  0.000114
#Iteration 1540:  0.000110
#Iteration 1550:  0.000106
#Iteration 1560:  0.000102
#Iteration 1570:  0.000098
#Iteration 1580:  0.000094
#Iteration 1590:  0.000091
#Iteration 1600:  0.000087
-1.890333	0.189703	0.259092
-1.871000	0.174165	0.265725
-1.851667	0.143565	0.279287
-1.832333	0.039850	0.330618
-1.813000	0.190591	0.258718
-1.793667	0.088533	0.305444
-1.774333	0.000000	0.352761
-1.755000	0.101752	0.298946
-1.735667	0.289572	0.220240
-1.716333	0.083677	0.307866
-1.697000	0.277129	0.224743
-1.677667	0.171608	0.266832
-1.658333	0.106471	0.296659
-1.639000	0.084381	0.307514
-1.619667	0.191019	0.258538
-1.600333	0.154545	0.274343
-1.581000	0.350843	0.199346
-1.561667	0.282910	0.222640
-1.542333	0.164890	0.269765
-1.523000	0.389058	0.187331
-1.503667	0.425160	0.176645
-1.484333	0.323920	0.208271
-1.465000	0.215344	0.248507
-1.445667	0.176293	0.264806
-1.426333	0.131686	0.284737
-1.407000	0.116849	0.291693
-1.387667	0.129270	0.285858
-1.368333	0.092077	0.303688
-1.349000	0.150730	0.276051
-1.329667	0.118666	0.290832
-1.310333	0.311163	0.212638
-1.291000	0.310785	0.212769
-1.271667	0.325781	0.207641
-1.252333	0.398559	0.184457
-1.233000	0.385245	0.188496
-1.213667	0.521850	0.150935
-1.194333	0.432877	0.174442
-1.175000	0.502127	0.155856
-1.155667	0.403563	0.182962
-1.136333	0.421566	0.177681
-1.117000	0.613743	0.129977
-1.097667	0.687360	0.115307
-1.078333	0.814127	0.093820
-1.059000	1.053474	0.063561
-1.039667	1.186292	0.051210
-1.020333	1.415659	0.035262
-1.001000	1.508471	0.030320
-0.981667	1.326046	0.040796
-0.962333	1.397447	0.036322
-0.943000	1.434042	0.034223
-0.923667	1.519167	0.029797
-0.904333	1.700740	0.022177
-0.885000	1.978872	0.014106
-0.865667	2.088911	0.011794
-0.846333	2.093495	0.011706
-0.827000	2.380957	0.007334
-0.807667	2.296668	0.008411
-0.788333	2.613946	0.005020
-0.769000	2.575892	0.005341
-0.749667	2.665680	0.004615
-0.730333	3.054443	0.002452
-0.711000	3.171142	0.002028
-0.691667	3.321482	0.001588
-0.672333	3.756846	0.000782
-0.653000	3.683683	0.000881
-0.633667	4.051672	0.000484
-0.614333	4.115182	0.000437
-0.595000	4.179212	0.000393
-0.575667	4.349760	0.000298
-0.556333	4.511083	0.000229
-0.537000	4.864114	0.000129
-0.517667	4.963424	0.000110
-0.498333	5.238694	0.000070
-0.479000	5.471850	0.000048
-0.459667	5.789243	0.000029
-0.440333	6.081012	0.000018
-0.421000	6.368848	0.000011
-0.401667	6.723329	0.000006
-0.382333	6.830292	0.000005
-0.363000	7.075260	0.000004
-0.343667	7.399990	0.000002
-0.324333	7.786125	0.000001
-0.305000	7.903319	0.000001
-0.285667	8.304714	0.000000
-0.266333	8.587723	0.000000
-0.247000	8.948160	0.000000
-0.227667	9.022895	0.000000
-0.208333	9.719252	0.000000
-0.189000	9.948966	0.000000
-0.169667	10.375659	0.000000
-0.150333	10.630851	0.000000
-0.131000	10.839447	0.000000
-0.111667	11.200445	0.000000
-0.092333	11.554371	0.000000
-0.073000	11.863537	0.000000
-0.053667	12.305969	0.000000
-0.034333	12.548126	0.000000
-0.015000	12.933914	0.000000
0.004333	13.410090	0.000000
0.023667	13.762254	0.000000
0.043000	14.047352	0.000000
0.062333	14.682716	0.000000
0.081667	14.858382	0.000000
0.101000	15.008680	0.000000
0.120333	15.258891	0.000000
0.139667	15.687703	0.000000
0.159000	16.017543	0.000000
0.178333	16.234375	0.000000
0.197667	16.266729	0.000000
0.217000	16.654361	0.000000
0.236333	16.837122	0.000000
0.255667	16.958195	0.000000
0.275000	17.217446	0.000000
0.294333	17.154851	0.000000
0.313667	17.105289	0.000000
0.333000	17.118710	0.000000
0.352333	17.172061	0.000000
0.371667	17.118969	0.000000
0.391000	17.274487	0.000000
0.410333	17.241699	0.000000
0.429667	17.506631	0.000000
0.449000	17.429728	0.000000
0.468333	17.530377	0.000000
0.487667	17.542930	0.000000
0.507000	17.689218	0.000000
0.526333	17.731344	0.000000
0.545667	17.744353	0.000000
0.565000	17.845771	0.000000
0.584333	18.015969	0.000000
0.603667	18.369298	0.000000
0.623000	18.541154	0.000000
0.642333	18.674496	0.000000
0.661667	18.887804	0.000000
0.681000	19.071270	0.000000
0.700333	19.218958	0.000000
0.719667	19.413815	0.000000
0.739000	19.608585	0.000000
0.758333	19.811471	0.000000
0.777667	20.188579	0.000000
0.797000	20.491166	0.000000
0.816333	20.763556	0.000000
0.835667	21.133735	0.000000
0.855000	21.580193	0.000000
0.874333	21.728739	0.000000
0.893667	21.791711	0.000000
0.913000	21.799349	0.000000
0.932333	21.976744	0.000000
0.951667	22.322274	0.000000
0.971000	21.670663	0.000000
0.990333	21.713357	0.000000

# Dumping simulation biases, in the metadata file order 
# Window  F (free energy units)
# 0	0.000000
# 1	-0.433527
# 2	-0.419142
# 3	-0.363502
# 4	-0.311041
# 5	-0.408089
# 6	-0.309957
# 7	-0.133258
# 8	0.121083
# 9	0.676803
# 10	1.134986
# 11	1.771227
# 12	2.512047
# 13	3.441997
# 14	4.371270
# 15	5.585199
# 16	6.976033
# 17	8.463261
# 18	10.141592
# 19	11.858067
# 20	13.695996
# 21	15.368083
# 22	16.403972
# 23	16.708566
# 24	17.036117
# 25	17.552474
# 26	18.440450
# 27	19.510522
# 28	20.836024
# 29	21.666794
#Iteration 1610:  0.000084
#Iteration 1620:  0.000081
#Iteration 1630:  0.000078
#Iteration 1640:  0.000075
#Iteration 1650:  0.000072
#Iteration 1660:  0.000069
#Iteration 1670:  0.000067
#Iteration 1680:  0.000064
#Iteration 1690:  0.000062
#Iteration 1700:  0.000060
-1.890333	0.189628	0.259088
-1.871000	0.174095	0.265718
-1.851667	0.143504	0.279276
-1.832333	0.039801	0.330599
-1.813000	0.190555	0.258697
-1.793667	0.088513	0.305412
-1.774333	0.000000	0.352712
-1.755000	0.101776	0.298892
-1.735667	0.289624	0.220191
-1.716333	0.083758	0.307783
-1.697000	0.277241	0.224671
-1.677667	0.171755	0.266732
-1.658333	0.106658	0.296528
-1.639000	0.084612	0.307356
-1.619667	0.191296	0.258386
-1.600333	0.154868	0.274160
-1.581000	0.351220	0.199196
-1.561667	0.283346	0.222451
-1.542333	0.165390	0.269508
-1.523000	0.389620	0.187133
-1.503667	0.425782	0.176442
-1.484333	0.324602	0.208011
-1.465000	0.216092	0.248170
-1.445667	0.177116	0.264416
-1.426333	0.132587	0.284280
-1.407000	0.117830	0.291188
-1.387667	0.130332	0.285325
-1.368333	0.093223	0.303080
-1.349000	0.151966	0.275458
-1.329667	0.119991	0.290165
-1.310333	0.312578	0.212120
-1.291000	0.312294	0.212218
-1.271667	0.327394	0.207069
-1.252333	0.400282	0.183916
-1.233000	0.387077	0.187909
-1.213667	0.523785	0.150440
-1.194333	0.434914	0.173840
-1.175000	0.504271	0.155292
-1.155667	0.405821	0.182266
-1.136333	0.423943	0.176971
-1.117000	0.616242	0.129432
-1.097667	0.689985	0.114800
-1.078333	0.816884	0.093387
-1.059000	1.056359	0.063255
-1.039667	1.189296	0.050953
-1.020333	1.418777	0.035079
-1.001000	1.511708	0.030157
-0.981667	1.329415	0.040568
-0.962333	1.400958	0.036111
-0.943000	1.437694	0.034016
-0.923667	1.522960	0.029610
-0.904333	1.704676	0.022032
-0.885000	1.982957	0.014010
-0.865667	2.093146	0.011711
-0.846333	2.097872	0.011621
-0.827000	2.385472	0.007279
-0.807667	2.301324	0.008347
-0.788333	2.618751	0.004980
-0.769000	2.580849	0.005297
-0.749667	2.670788	0.004576
-0.730333	3.059704	0.002431
-0.711000	3.176561	0.002010
-0.691667	3.327065	0.001573
-0.672333	3.762588	0.000775
-0.653000	3.689573	0.000872
-0.633667	4.057704	0.000479
-0.614333	4.121362	0.000432
-0.595000	4.185552	0.000389
-0.575667	4.356263	0.000295
-0.556333	4.517745	0.000227
-0.537000	4.870933	0.000128
-0.517667	4.970402	0.000109
-0.498333	5.245831	0.000069
-0.479000	5.479142	0.000047
-0.459667	5.796687	0.000028
-0.440333	6.088614	0.000018
-0.421000	6.376616	0.000011
-0.401667	6.731264	0.000006
-0.382333	6.838383	0.000005
-0.363000	7.083501	0.000003
-0.343667	7.408382	0.000002
-0.324333	7.794676	0.000001
-0.305000	7.912028	0.000001
-0.285667	8.313576	0.000000
-0.266333	8.596734	0.000000
-0.247000	8.957323	0.000000
-0.227667	9.032212	0.000000
-0.208333	9.728718	0.000000
-0.189000	9.958571	0.000000
-0.169667	10.385401	0.000000
-0.150333	10.640738	0.000000
-0.131000	10.849487	0.000000
-0.111667	11.210634	0.000000
-0.092333	11.564702	0.000000
-0.073000	11.874005	0.000000
-0.053667	12.316575	0.000000
-0.034333	12.558872	0.000000
-0.015000	12.944793	0.000000
0.004333	13.421092	0.000000
0.023667	13.773379	0.000000
0.043000	14.058609	0.000000
0.062333	14.694118	0.000000
0.081667	14.869929	0.000000
0.101000	15.020357	0.000000
0.120333	15.270678	0.000000
0.139667	15.699592	0.000000
0.159000	16.029541	0.000000
0.178333	16.246501	0.000000
0.197667	16.278999	0.000000
0.217000	16.666773	0.000000
0.236333	16.849658	0.000000
0.255667	16.970830	0.000000
0.275000	17.230164	0.000000
0.294333	17.167651	0.000000
0.313667	17.118182	0.000000
0.333000	17.131709	0.000000
0.352333	17.185170	0.000000
0.371667	17.132181	0.000000
0.391000	17.287794	0.000000
0.410333	17.255097	0.000000
0.429667	17.520121	0.000000
0.449000	17.443308	0.000000
0.468333	17.544040	0.000000
0.487667	17.556670	0.000000
0.507000	17.703030	0.000000
0.526333	17.745229	0.000000
0.545667	17.758307	0.000000
0.565000	17.859791	0.000000
0.584333	18.030050	0.000000
0.603667	18.383438	0.000000
0.623000	18.555348	0.000000
0.642333	18.688738	0.000000
0.661667	18.902089	0.000000
0.681000	19.085596	0.000000
0.700333	19.233322	0.000000
0.719667	19.428214	0.000000
0.739000	19.623015	0.000000
0.758333	19.825928	0.000000
0.777667	20.203058	0.000000
0.797000	20.505665	0.000000
0.816333	20.778071	0.000000
0.835667	21.148260	0.000000
0.855000	21.594726	0.000000
0.874333	21.743275	0.000000
0.893667	21.806251	0.000000
0.913000	21.813892	0.000000
0.932333	21.991290	0.000000
0.951667	22.336825	0.000000
0.971000	21.685220	0.000000
0.990333	21.727921	0.000000

# Dumping simulation biases, in the metadata file order 
# Window  F (free energy units)
# 0	0.000000
# 1	-0.433480
# 2	-0.418967
# 3	-0.363117
# 4	-0.310328
# 5	-0.407005
# 6	-0.308466
# 7	-0.131225
# 8	0.123615
# 9	0.679957
# 10	1.138818
# 11	1.775758
# 12	2.517268
# 13	3.448001
# 14	4.378023
# 15	5.592641
# 16	6.984267
# 17	8.472226
# 18	10.151272
# 19	11.868478
# 20	13.707073
# 21	15.379968
# 22	16.416714
# 23	16.721897
# 24	17.049875
# 25	17.566536
# 26	18.454754
# 27	19.524997
# 28	20.850593
# 29	21.681406
#Iteration 1710:  0.000057
#Iteration 1720:  0.000055
#Iteration 1730:  0.000053
#Iteration 1740:  0.000051
# Dumping simulation biases, in the metadata file order 
# Window  F (free energy units)
# 0	0.000000
# 1	-0.433463
# 2	-0.418902
# 3	-0.362976
# 4	-0.310067
# 5	-0.406607
# 6	-0.307920
# 7	-0.130479
# 8	0.124544
# 9	0.681114
# 10	1.140224
# 11	1.777420
# 12	2.519183
# 13	3.450203
# 14	4.380500
# 15	5.595370
# 16	6.987287
# 17	8.475515
# 18	10.154822
# 19	11.872297
# 20	13.711135
# 21	15.384328
# 22	16.421387
# 23	16.726786
# 24	17.054921
# 25	17.571694
# 26	18.460001
# 27	19.530305
# 28	20.855937
# 29	21.686765
# No MC error analysis requested
