# wham -1.9 1.0 150 0.0001 310 0 /Users/xv24323/Documents/github/AMBER_Molecular_Dynamics_Protocols/QMMM_MD/07_PMF_umbrella_sampling/PMF_integration/tmp/meta_chunk_01.dat /Users/xv24323/Documents/github/AMBER_Molecular_Dynamics_Protocols/QMMM_MD/07_PMF_umbrella_sampling/PMF_integration/tmp/PMF_chunk_01
#Number of windows = 30
#Iteration 10:  0.032768
#Iteration 20:  0.024075
#Iteration 30:  0.021073
#Iteration 40:  0.019199
#Iteration 50:  0.017805
#Iteration 60:  0.016807
#Iteration 70:  0.016109
#Iteration 80:  0.015650
#Iteration 90:  0.015356
#Iteration 100:  0.015189
-1.890333	2.379091	0.198886
-1.871000	2.228353	0.254156
-1.851667	1.942066	0.404916
-1.832333	2.158617	0.284688
-1.813000	2.061326	0.333509
-1.793667	2.231392	0.252903
-1.774333	1.922618	0.417932
-1.755000	1.843036	0.475697
-1.735667	1.910566	0.426206
-1.716333	1.631483	0.671111
-1.697000	1.846313	0.473168
-1.677667	1.655888	0.644988
-1.658333	1.751635	0.551958
-1.639000	1.715409	0.585464
-1.619667	1.573852	0.737074
-1.600333	1.336946	1.083645
-1.581000	1.473930	0.867174
-1.561667	1.202114	1.349419
-1.542333	1.070426	1.671803
-1.523000	1.145548	1.479485
-1.503667	1.120032	1.542190
-1.484333	1.018066	1.820446
-1.465000	1.016005	1.826560
-1.445667	0.896161	2.219753
-1.426333	0.857963	2.362064
-1.407000	0.680400	3.153127
-1.387667	0.768572	2.731789
-1.368333	0.621991	3.467427
-1.349000	0.627788	3.434881
-1.329667	0.340906	5.477675
-1.310333	0.436170	4.691279
-1.291000	0.533321	4.005471
-1.271667	0.336208	5.519697
-1.252333	0.335029	5.530298
-1.233000	0.461176	4.504272
-1.213667	0.283243	6.016382
-1.194333	0.271613	6.131292
-1.175000	0.333135	5.547360
-1.155667	0.268495	6.162479
-1.136333	0.210081	6.776808
-1.117000	0.229464	6.566450
-1.097667	0.201445	6.872685
-1.078333	0.072875	8.471527
-1.059000	0.110800	7.964665
-1.039667	0.236967	6.486792
-1.020333	0.259419	6.254136
-1.001000	0.066732	8.556623
-0.981667	0.191882	6.980433
-0.962333	0.109787	7.977811
-0.943000	0.018694	9.252119
-0.923667	0.131709	7.698304
-0.904333	0.085608	8.297864
-0.885000	0.299797	5.856527
-0.865667	0.140174	7.593030
-0.846333	0.165605	7.285301
-0.827000	0.197759	6.914020
-0.807667	0.000000	9.537812
-0.788333	0.093699	8.189362
-0.769000	0.177197	7.149202
-0.749667	0.050678	8.783026
-0.730333	0.258607	6.262399
-0.711000	0.247195	6.379751
-0.691667	0.192512	6.973287
-0.672333	0.178649	7.132340
-0.653000	0.525743	4.055158
-0.633667	0.413126	4.870482
-0.614333	0.638289	3.376702
-0.595000	0.358147	5.326170
-0.575667	0.406242	4.925335
-0.556333	0.337817	5.505268
-0.537000	0.542846	3.943884
-0.517667	0.541849	3.950283
-0.498333	0.761206	2.764722
-0.479000	0.713912	2.985827
-0.459667	0.839913	2.432451
-0.440333	0.858484	2.360064
-0.421000	0.904672	2.189230
-0.401667	0.983593	1.925455
-0.382333	1.029314	1.787439
-0.363000	1.425045	0.938953
-0.343667	1.508102	0.820283
-0.324333	1.721748	0.579457
-0.305000	1.742717	0.560024
-0.285667	1.955235	0.396334
-0.266333	2.439120	0.180382
-0.247000	2.255796	0.243059
-0.227667	2.298042	0.226916
-0.208333	2.458590	0.174758
-0.189000	2.562746	0.147520
-0.169667	2.707324	0.116602
-0.150333	2.916793	0.082930
-0.131000	2.970004	0.076054
-0.111667	3.108006	0.060760
-0.092333	3.546086	0.029793
-0.073000	3.637778	0.025664
-0.053667	3.772025	0.020629
-0.034333	4.055184	0.013015
-0.015000	4.241214	0.009616
0.004333	4.263679	0.009271
0.023667	4.294354	0.008820
0.043000	4.574699	0.005590
0.062333	4.695509	0.004592
0.081667	4.838779	0.003638
0.101000	4.650260	0.004943
0.120333	4.640370	0.005023
0.139667	4.911135	0.003234
0.159000	4.843357	0.003611
0.178333	4.837683	0.003644
0.197667	4.963924	0.002968
0.217000	5.116890	0.002314
0.236333	4.825953	0.003714
0.255667	4.933219	0.003120
0.275000	4.778069	0.004015
0.294333	4.750745	0.004198
0.313667	4.991988	0.002835
0.333000	5.059785	0.002539
0.352333	4.826419	0.003711
0.371667	4.893606	0.003327
0.391000	4.699658	0.004561
0.410333	4.695811	0.004590
0.429667	4.718519	0.004424
0.449000	4.551477	0.005805
0.468333	4.570063	0.005632
0.487667	4.546020	0.005857
0.507000	4.867784	0.003470
0.526333	4.852441	0.003558
0.545667	4.817987	0.003763
0.565000	4.650276	0.004943
0.584333	4.919167	0.003192
0.603667	4.906772	0.003257
0.623000	4.824826	0.003721
0.642333	4.943270	0.003069
0.661667	4.884898	0.003375
0.681000	5.021065	0.002704
0.700333	5.117378	0.002312
0.719667	5.197276	0.002030
0.739000	5.501857	0.001237
0.758333	5.705136	0.000889
0.777667	5.849691	0.000702
0.797000	6.152533	0.000429
0.816333	6.251946	0.000365
0.835667	6.728295	0.000168
0.855000	6.667518	0.000186
0.874333	7.008460	0.000107
0.893667	7.184312	0.000080
0.913000	7.464991	0.000051
0.932333	7.514930	0.000047
0.951667	7.857036	0.000027
0.971000	8.065438	0.000019
0.990333	8.137780	0.000017

# Dumping simulation biases, in the metadata file order 
# Window  F (free energy units)
# 0	0.000000
# 1	-0.565670
# 2	-0.844957
# 3	-1.193617
# 4	-1.541627
# 5	-1.873495
# 6	-2.138712
# 7	-2.274938
# 8	-2.389657
# 9	-2.441262
# 10	-2.449211
# 11	-2.450261
# 12	-2.344416
# 13	-2.161082
# 14	-1.948903
# 15	-1.557841
# 16	-0.889133
# 17	-0.148664
# 18	0.569502
# 19	1.465286
# 20	2.072138
# 21	2.288405
# 22	2.284883
# 23	2.153574
# 24	2.122322
# 25	2.270283
# 26	2.557376
# 27	3.300318
# 28	4.370544
# 29	5.563103
#Iteration 110:  0.015120
#Iteration 120:  0.015099
#Iteration 130:  0.015092
#Iteration 140:  0.015029
#Iteration 150:  0.014894
#Iteration 160:  0.014704
#Iteration 170:  0.014471
#Iteration 180:  0.014203
#Iteration 190:  0.013910
#Iteration 200:  0.013598
-1.890333	2.092152	0.198805
-1.871000	1.941587	0.253982
-1.851667	1.655554	0.404472
-1.832333	1.872438	0.284222
-1.813000	1.775551	0.332743
-1.793667	1.946100	0.252125
-1.774333	1.637929	0.416237
-1.755000	1.559110	0.473180
-1.735667	1.627559	0.423317
-1.716333	1.349495	0.665458
-1.697000	1.565423	0.468345
-1.677667	1.376241	0.637125
-1.658333	1.473489	0.543898
-1.639000	1.439062	0.575229
-1.619667	1.299505	0.721837
-1.600333	1.064675	1.057666
-1.581000	1.203825	0.843408
-1.561667	0.934423	1.307291
-1.542333	0.805516	1.612300
-1.523000	0.883718	1.419697
-1.503667	0.861432	1.472113
-1.484333	0.762871	1.728123
-1.465000	0.764636	1.723169
-1.445667	0.649232	2.079034
-1.426333	0.615970	2.194630
-1.407000	0.443524	2.905333
-1.387667	0.536907	2.495861
-1.368333	0.395915	3.139292
-1.349000	0.407992	3.078219
-1.329667	0.128026	4.853973
-1.310333	0.230550	4.108311
-1.291000	0.335289	3.464690
-1.271667	0.146482	4.710401
-1.252333	0.154587	4.648703
-1.233000	0.290662	3.725580
-1.213667	0.122736	4.895924
-1.194333	0.121205	4.908133
-1.175000	0.193596	4.362862
-1.155667	0.141137	4.751538
-1.136333	0.095910	5.114315
-1.117000	0.128715	4.848537
-1.097667	0.114213	4.964283
-1.078333	0.000000	5.977901
-1.059000	0.053753	5.477366
-1.039667	0.196794	4.340223
-1.020333	0.236164	4.070961
-1.001000	0.060250	5.419783
-0.981667	0.202985	4.296736
-0.962333	0.140150	4.759173
-0.943000	0.069571	5.338220
-0.923667	0.203156	4.295539
-0.904333	0.177444	4.479025
-0.885000	0.413074	3.052875
-0.865667	0.277184	3.808168
-0.846333	0.328250	3.504597
-0.827000	0.386271	3.188931
-0.807667	0.213801	4.221790
-0.788333	0.333190	3.476544
-0.769000	0.444042	2.902885
-0.749667	0.346285	3.403263
-0.730333	0.583116	2.315119
-0.711000	0.600615	2.250142
-0.691667	0.576393	2.340575
-0.672333	0.595678	2.268285
-0.653000	0.977411	1.218991
-0.633667	0.898485	1.385998
-0.614333	1.155672	0.912134
-0.595000	0.907680	1.365421
-0.575667	0.990071	1.194142
-0.556333	0.957976	1.258147
-0.537000	1.199699	0.849088
-0.517667	1.235276	0.801341
-0.498333	1.492580	0.527267
-0.479000	1.485750	0.533158
-0.459667	1.653587	0.405767
-0.440333	1.713432	0.368126
-0.421000	1.800243	0.319642
-0.401667	1.920469	0.262859
-0.382333	2.008388	0.227829
-0.363000	2.446006	0.111796
-0.343667	2.570593	0.091286
-0.324333	2.827626	0.060091
-0.305000	2.895726	0.053789
-0.285667	3.157622	0.035129
-0.266333	3.689194	0.014795
-0.247000	3.549837	0.018559
-0.227667	3.634274	0.016177
-0.208333	3.838643	0.011602
-0.189000	3.989359	0.009079
-0.169667	4.181400	0.006643
-0.150333	4.437607	0.004379
-0.131000	4.537727	0.003721
-0.111667	4.724217	0.002747
-0.092333	5.211148	0.001244
-0.073000	5.348978	0.000994
-0.053667	5.525746	0.000746
-0.034333	5.850910	0.000439
-0.015000	6.083002	0.000301
0.004333	6.157255	0.000267
0.023667	6.241899	0.000233
0.043000	6.572510	0.000136
0.062333	6.737232	0.000104
0.081667	6.920666	0.000077
0.101000	6.773665	0.000098
0.120333	6.809870	0.000092
0.139667	7.129801	0.000055
0.159000	7.109540	0.000057
0.178333	7.146766	0.000053
0.197667	7.312845	0.000041
0.217000	7.506609	0.000030
0.236333	7.259740	0.000044
0.255667	7.412590	0.000035
0.275000	7.300810	0.000042
0.294333	7.313307	0.000041
0.313667	7.593217	0.000026
0.333000	7.701785	0.000022
0.352333	7.511732	0.000029
0.371667	7.621784	0.000025
0.391000	7.467226	0.000032
0.410333	7.499356	0.000030
0.429667	7.556829	0.000027
0.449000	7.424607	0.000034
0.468333	7.477256	0.000031
0.487667	7.485611	0.000031
0.507000	7.838905	0.000017
0.526333	7.855587	0.000017
0.545667	7.853298	0.000017
0.565000	7.715908	0.000021
0.584333	8.012117	0.000013
0.603667	8.024990	0.000013
0.623000	7.967848	0.000014
0.642333	8.110896	0.000011
0.661667	8.075905	0.000012
0.681000	8.233510	0.000009
0.700333	8.349491	0.000008
0.719667	8.447446	0.000006
0.739000	8.768291	0.000004
0.758333	8.986176	0.000003
0.777667	9.144271	0.000002
0.797000	9.459828	0.000001
0.816333	9.570631	0.000001
0.835667	10.056509	0.000000
0.855000	10.003558	0.000001
0.874333	10.351281	0.000000
0.893667	10.533315	0.000000
0.913000	10.819447	0.000000
0.932333	10.873712	0.000000
0.951667	11.218848	0.000000
0.971000	11.429165	0.000000
0.990333	11.502635	0.000000

# Dumping simulation biases, in the metadata file order 
# Window  F (free energy units)
# 0	0.000000
# 1	-0.563851
# 2	-0.838086
# 3	-1.176352
# 4	-1.509088
# 5	-1.816097
# 6	-2.048588
# 7	-2.136843
# 8	-2.187585
# 9	-2.157693
# 10	-2.066497
# 11	-1.942465
# 12	-1.703726
# 13	-1.350871
# 14	-0.970587
# 15	-0.392017
# 16	0.460725
# 17	1.448192
# 18	2.385372
# 19	3.517839
# 20	4.422555
# 21	4.904296
# 22	5.136872
# 23	5.225943
# 24	5.350123
# 25	5.649398
# 26	6.043533
# 27	6.856736
# 28	7.983157
# 29	9.204892
#Iteration 210:  0.013271
#Iteration 220:  0.012933
#Iteration 230:  0.012590
#Iteration 240:  0.012243
#Iteration 250:  0.011894
#Iteration 260:  0.011546
#Iteration 270:  0.011201
#Iteration 280:  0.010859
#Iteration 290:  0.010522
#Iteration 300:  0.010190
-1.890333	1.787323	0.198476
-1.871000	1.637467	0.253269
-1.851667	1.352463	0.402660
-1.832333	1.570690	0.282332
-1.813000	1.475402	0.329672
-1.793667	1.647826	0.249036
-1.774333	1.341942	0.409612
-1.755000	1.265966	0.463500
-1.735667	1.337771	0.412400
-1.716333	1.063353	0.644463
-1.697000	1.283091	0.450766
-1.677667	1.098081	0.609062
-1.658333	1.200216	0.515826
-1.639000	1.171486	0.540506
-1.619667	1.038089	0.671502
-1.600333	0.809433	0.974078
-1.581000	0.954759	0.768988
-1.561667	0.691941	1.179241
-1.542333	0.570331	1.437212
-1.523000	0.656342	1.249549
-1.503667	0.641963	1.279123
-1.484333	0.551422	1.482111
-1.465000	0.561839	1.457206
-1.445667	0.456114	1.730677
-1.426333	0.433248	1.796268
-1.407000	0.271209	2.338044
-1.387667	0.374803	1.975438
-1.368333	0.244351	2.442463
-1.349000	0.267838	2.350903
-1.329667	0.000000	3.634663
-1.310333	0.114820	3.015387
-1.291000	0.231980	2.492119
-1.271667	0.056308	3.316517
-1.252333	0.078588	3.198464
-1.233000	0.229304	2.502991
-1.213667	0.075694	3.213557
-1.194333	0.088259	3.148536
-1.175000	0.175468	2.732089
-1.155667	0.139139	2.898422
-1.136333	0.110796	3.035192
-1.117000	0.160265	2.800500
-1.097667	0.162164	2.791864
-1.078333	0.065006	3.269916
-1.059000	0.137038	2.908343
-1.039667	0.298917	2.234997
-1.020333	0.356640	2.034677
-1.001000	0.198631	2.631054
-0.981667	0.359917	2.023858
-0.962333	0.316960	2.170351
-0.943000	0.266900	2.354491
-0.923667	0.420555	1.833746
-0.904333	0.414566	1.851699
-0.885000	0.670856	1.220392
-0.865667	0.557385	1.467803
-0.846333	0.631805	1.300437
-0.827000	0.712614	1.140243
-0.807667	0.562077	1.456642
-0.788333	0.703656	1.156981
-0.769000	0.837799	0.930150
-0.749667	0.763887	1.048992
-0.730333	1.024185	0.686862
-0.711000	1.065088	0.642646
-0.691667	1.065462	0.642256
-0.672333	1.110851	0.596540
-0.653000	1.518765	0.307217
-0.633667	1.464557	0.335540
-0.614333	1.745283	0.212525
-0.595000	1.521348	0.305929
-0.575667	1.629370	0.256627
-0.556333	1.623787	0.258968
-0.537000	1.891735	0.167471
-0.517667	1.953421	0.151481
-0.498333	2.237857	0.095368
-0.479000	2.259377	0.092087
-0.459667	2.455530	0.066929
-0.440333	2.542690	0.058081
-0.421000	2.656352	0.048276
-0.401667	2.803853	0.037977
-0.382333	2.919260	0.031476
-0.363000	3.383939	0.014780
-0.343667	3.535712	0.011547
-0.324333	3.821491	0.007254
-0.305000	3.920109	0.006178
-0.285667	4.212360	0.003841
-0.266333	4.772031	0.001545
-0.247000	4.658655	0.001858
-0.227667	4.769042	0.001553
-0.208333	5.001026	0.001065
-0.189000	5.180652	0.000795
-0.169667	5.401363	0.000555
-0.150333	5.685544	0.000350
-0.131000	5.813846	0.000284
-0.111667	6.029063	0.000200
-0.092333	6.543975	0.000087
-0.073000	6.707740	0.000066
-0.053667	6.909149	0.000048
-0.034333	7.260153	0.000027
-0.015000	7.521186	0.000018
0.004333	7.626608	0.000015
0.023667	7.741376	0.000012
0.043000	8.098475	0.000007
0.062333	8.286456	0.000005
0.081667	8.492653	0.000004
0.101000	8.370601	0.000004
0.120333	8.434352	0.000004
0.139667	8.782185	0.000002
0.159000	8.787576	0.000002
0.178333	8.847863	0.000002
0.197667	9.036380	0.000002
0.217000	9.254111	0.000001
0.236333	9.032938	0.000002
0.255667	9.211294	0.000001
0.275000	9.123017	0.000001
0.294333	9.157322	0.000001
0.313667	9.459244	0.000001
0.333000	9.591358	0.000001
0.352333	9.425612	0.000001
0.371667	9.558680	0.000001
0.391000	9.424809	0.000001
0.410333	9.476123	0.000001
0.429667	9.552632	0.000001
0.449000	9.439589	0.000001
0.468333	9.510841	0.000001
0.487667	9.536894	0.000001
0.507000	9.907621	0.000000
0.526333	9.942029	0.000000
0.545667	9.957195	0.000000
0.565000	9.835878	0.000000
0.584333	10.146513	0.000000
0.603667	10.172972	0.000000
0.623000	10.129377	0.000000
0.642333	10.285823	0.000000
0.661667	10.263418	0.000000
0.681000	10.432504	0.000000
0.700333	10.559028	0.000000
0.719667	10.666664	0.000000
0.739000	10.996216	0.000000
0.758333	11.221941	0.000000
0.777667	11.387337	0.000000
0.797000	11.709740	0.000000
0.816333	11.826626	0.000000
0.835667	12.317557	0.000000
0.855000	12.268764	0.000000
0.874333	12.620120	0.000000
0.893667	12.805487	0.000000
0.913000	13.094559	0.000000
0.932333	13.151144	0.000000
0.951667	13.497897	0.000000
0.971000	13.709231	0.000000
0.990333	13.783299	0.000000

# Dumping simulation biases, in the metadata file order 
# Window  F (free energy units)
# 0	0.000000
# 1	-0.557013
# 2	-0.813999
# 3	-1.121529
# 4	-1.416983
# 5	-1.673286
# 6	-1.849862
# 7	-1.868677
# 8	-1.838721
# 9	-1.719050
# 10	-1.530002
# 11	-1.293322
# 12	-0.945551
# 13	-0.464643
# 14	0.037658
# 15	0.744475
# 16	1.715783
# 17	2.855541
# 18	3.928285
# 19	5.196817
# 20	6.273109
# 21	6.907452
# 22	7.275053
# 23	7.488185
# 24	7.699649
# 25	8.082292
# 26	8.536254
# 27	9.388083
# 28	10.545212
# 29	11.782939
#Iteration 310:  0.009864
#Iteration 320:  0.009545
#Iteration 330:  0.009234
#Iteration 340:  0.008929
#Iteration 350:  0.008633
#Iteration 360:  0.008344
#Iteration 370:  0.008063
#Iteration 380:  0.007790
#Iteration 390:  0.007525
#Iteration 400:  0.007268
-1.890333	1.636991	0.198189
-1.871000	1.487751	0.252650
-1.851667	1.203643	0.401091
-1.832333	1.423035	0.280699
-1.813000	1.329138	0.327024
-1.793667	1.503194	0.246381
-1.774333	1.199303	0.403933
-1.755000	1.125800	0.455239
-1.735667	1.200514	0.403138
-1.716333	0.929250	0.626763
-1.697000	1.152292	0.436036
-1.677667	0.970915	0.585689
-1.658333	1.077303	0.492609
-1.639000	1.053506	0.512053
-1.619667	0.925399	0.630702
-1.600333	0.702022	0.907071
-1.581000	0.852635	0.709958
-1.561667	0.595468	1.078755
-1.542333	0.480103	1.301455
-1.523000	0.572756	1.119358
-1.503667	0.565082	1.133419
-1.484333	0.481366	1.298782
-1.465000	0.499178	1.261689
-1.445667	0.401689	1.478526
-1.426333	0.387571	1.512877
-1.407000	0.234215	1.941560
-1.387667	0.346331	1.617857
-1.368333	0.224721	1.971780
-1.349000	0.257764	1.868587
-1.329667	0.000000	2.842007
-1.310333	0.124973	2.319160
-1.291000	0.252405	1.884946
-1.271667	0.087616	2.464473
-1.252333	0.121548	2.332119
-1.233000	0.284143	1.790094
-1.213667	0.142077	2.255519
-1.194333	0.166084	2.169129
-1.175000	0.265408	1.845493
-1.155667	0.242187	1.916542
-1.136333	0.227358	1.963337
-1.117000	0.290039	1.773007
-1.097667	0.304984	1.730420
-1.078333	0.221464	1.982254
-1.059000	0.307999	1.721953
-1.039667	0.484587	1.291996
-1.020333	0.556516	1.149325
-1.001000	0.412463	1.452837
-0.981667	0.588336	1.091343
-0.962333	0.560916	1.141127
-0.943000	0.526652	1.206540
-0.923667	0.695642	0.916535
-0.904333	0.704863	0.902889
-0.885000	0.977239	0.579694
-0.865667	0.881061	0.677875
-0.846333	0.973094	0.583616
-0.827000	1.070814	0.497837
-0.807667	0.936599	0.619314
-0.788333	1.094845	0.478751
-0.769000	1.246421	0.374128
-0.749667	1.190120	0.410012
-0.730333	1.467656	0.261045
-0.711000	1.525881	0.237454
-0.691667	1.544503	0.230368
-0.672333	1.608933	0.207445
-0.653000	2.035476	0.103645
-0.633667	1.998691	0.110036
-0.614333	2.296261	0.067811
-0.595000	2.089859	0.094869
-0.575667	2.216523	0.077203
-0.556333	2.229921	0.075539
-0.537000	2.516485	0.047393
-0.517667	2.596800	0.041588
-0.498333	2.900612	0.025370
-0.479000	2.942064	0.023716
-0.459667	3.157729	0.016698
-0.440333	3.263599	0.014056
-0.421000	3.395775	0.011337
-0.401667	3.562111	0.008649
-0.382333	3.696373	0.006952
-0.363000	4.179616	0.003167
-0.343667	4.350237	0.002400
-0.324333	4.655964	0.001459
-0.305000	4.775278	0.001202
-0.285667	5.087456	0.000723
-0.266333	5.665307	0.000283
-0.247000	5.569046	0.000330
-0.227667	5.697026	0.000268
-0.208333	5.947841	0.000178
-0.189000	6.146851	0.000129
-0.169667	6.386476	0.000087
-0.150333	6.689083	0.000053
-0.131000	6.835977	0.000042
-0.111667	7.069921	0.000029
-0.092333	7.602751	0.000012
-0.073000	7.783135	0.000009
-0.053667	8.000798	0.000006
-0.034333	8.369337	0.000003
-0.015000	8.649867	0.000002
0.004333	8.775476	0.000002
0.023667	8.908906	0.000001
0.043000	9.282110	0.000001
0.062333	9.484602	0.000001
0.081667	9.705683	0.000000
0.101000	9.600261	0.000000
0.120333	9.682015	0.000000
0.139667	10.047441	0.000000
0.159000	10.068659	0.000000
0.178333	10.143347	0.000000
0.197667	10.346335	0.000000
0.217000	10.579741	0.000000
0.236333	10.375097	0.000000
0.255667	10.569418	0.000000
0.275000	10.495678	0.000000
0.294333	10.543666	0.000000
0.313667	10.859688	0.000000
0.333000	11.006854	0.000000
0.352333	10.856287	0.000000
0.371667	11.003384	0.000000
0.391000	10.882060	0.000000
0.410333	10.945194	0.000000
0.429667	11.033598	0.000000
0.449000	10.932531	0.000000
0.468333	11.015326	0.000000
0.487667	11.052368	0.000000
0.507000	11.433981	0.000000
0.526333	11.479423	0.000000
0.545667	11.505307	0.000000
0.565000	11.393741	0.000000
0.584333	11.713142	0.000000
0.603667	11.747957	0.000000
0.623000	11.712749	0.000000
0.642333	11.877456	0.000000
0.661667	11.862755	0.000000
0.681000	12.038849	0.000000
0.700333	12.171816	0.000000
0.719667	12.285365	0.000000
0.739000	12.620228	0.000000
0.758333	12.850742	0.000000
0.777667	13.020608	0.000000
0.797000	13.347196	0.000000
0.816333	13.467782	0.000000
0.835667	13.961776	0.000000
0.855000	13.915504	0.000000
0.874333	14.269074	0.000000
0.893667	14.456480	0.000000
0.913000	14.747349	0.000000
0.932333	14.805349	0.000000
0.951667	15.153083	0.000000
0.971000	15.365035	0.000000
0.990333	15.439464	0.000000

# Dumping simulation biases, in the metadata file order 
# Window  F (free energy units)
# 0	0.000000
# 1	-0.551126
# 2	-0.793329
# 3	-1.074622
# 4	-1.338657
# 5	-1.552621
# 6	-1.683145
# 7	-1.645902
# 8	-1.551590
# 9	-1.361945
# 10	-1.097774
# 11	-0.776017
# 12	-0.347722
# 13	0.225194
# 14	0.815206
# 15	1.611725
# 16	2.664276
# 17	3.905703
# 18	5.069990
# 19	6.426525
# 20	7.613559
# 21	8.346473
# 22	8.800680
# 23	9.092229
# 24	9.358874
# 25	9.793380
# 26	10.284835
# 27	11.160611
# 28	12.336679
# 29	13.584280
#Iteration 410:  0.007019
#Iteration 420:  0.006777
#Iteration 430:  0.006543
#Iteration 440:  0.006317
#Iteration 450:  0.006097
#Iteration 460:  0.005885
#Iteration 470:  0.005680
#Iteration 480:  0.005482
#Iteration 490:  0.005290
#Iteration 500:  0.005104
-1.890333	1.525471	0.197975
-1.871000	1.376690	0.252188
-1.851667	1.093249	0.399925
-1.832333	1.313509	0.279488
-1.813000	1.220649	0.325064
-1.793667	1.395923	0.244420
-1.774333	1.093521	0.399748
-1.755000	1.021864	0.449172
-1.735667	1.098746	0.396365
-1.716333	0.829828	0.613885
-1.697000	1.055335	0.425368
-1.677667	0.876678	0.568836
-1.658333	0.986255	0.475960
-1.639000	0.966139	0.491793
-1.619667	0.841956	0.601892
-1.600333	0.622486	0.860153
-1.581000	0.777020	0.668954
-1.561667	0.524060	1.009519
-1.542333	0.413337	1.208762
-1.523000	0.510909	1.031350
-1.503667	0.508195	1.035912
-1.484333	0.429553	1.177292
-1.465000	0.452885	1.133445
-1.445667	0.361524	1.315065
-1.426333	0.353864	1.331555
-1.407000	0.206886	1.691219
-1.387667	0.325281	1.394933
-1.368333	0.210221	1.682070
-1.349000	0.250342	1.575791
-1.329667	0.000000	2.367918
-1.310333	0.132434	1.908979
-1.291000	0.267441	1.532560
-1.271667	0.110695	1.977698
-1.252333	0.153194	1.845583
-1.233000	0.324450	1.396820
-1.213667	0.190786	1.736101
-1.194333	0.223186	1.646963
-1.175000	0.331453	1.380996
-1.155667	0.317862	1.411870
-1.136333	0.312860	1.423405
-1.117000	0.385106	1.265570
-1.097667	0.409551	1.216230
-1.078333	0.336009	1.370798
-1.059000	0.433098	1.170522
-1.039667	0.620276	0.863251
-1.020333	0.702406	0.755286
-1.001000	0.568464	0.939167
-0.981667	0.754981	0.693373
-0.962333	0.738845	0.711815
-0.943000	0.715936	0.738844
-0.923667	0.895933	0.551294
-0.904333	0.916180	0.533432
-0.885000	1.200292	0.336010
-0.865667	1.116622	0.385004
-0.846333	1.221198	0.324774
-0.827000	1.330871	0.271704
-0.807667	1.208269	0.331677
-0.788333	1.378472	0.251459
-0.769000	1.542518	0.192560
-0.749667	1.498713	0.206783
-0.730333	1.788476	0.129061
-0.711000	1.859081	0.115057
-0.691667	1.890750	0.109279
-0.672333	1.968619	0.096277
-0.653000	2.408115	0.047099
-0.633667	2.383439	0.049029
-0.614333	2.692902	0.029635
-0.595000	2.499032	0.040624
-0.575667	2.638965	0.032353
-0.556333	2.665728	0.030975
-0.537000	2.965362	0.019025
-0.517667	3.058826	0.016341
-0.498333	3.376306	0.009749
-0.479000	3.431654	0.008910
-0.459667	3.660774	0.006138
-0.440333	3.779550	0.005059
-0.421000	3.924594	0.003996
-0.401667	4.104037	0.002984
-0.382333	4.251377	0.002348
-0.363000	4.747527	0.001048
-0.343667	4.931352	0.000777
-0.324333	5.251014	0.000462
-0.305000	5.384530	0.000372
-0.285667	5.710121	0.000219
-0.266333	6.300181	0.000084
-0.247000	6.215633	0.000096
-0.227667	6.355876	0.000077
-0.208333	6.619806	0.000050
-0.189000	6.832139	0.000035
-0.169667	7.084647	0.000023
-0.150333	7.399827	0.000014
-0.131000	7.559422	0.000011
-0.111667	7.806051	0.000007
-0.092333	8.350912	0.000003
-0.073000	8.542525	0.000002
-0.053667	8.771414	0.000002
-0.034333	9.152225	0.000001
-0.015000	9.446235	0.000001
0.004333	9.585405	0.000000
0.023667	9.731052	0.000000
0.043000	10.114767	0.000000
0.062333	10.326976	0.000000
0.081667	10.558327	0.000000
0.101000	10.464442	0.000000
0.120333	10.558460	0.000000
0.139667	10.935599	0.000000
0.159000	10.967257	0.000000
0.178333	11.051579	0.000000
0.197667	11.264454	0.000000
0.217000	11.508612	0.000000
0.236333	11.315148	0.000000
0.255667	11.520085	0.000000
0.275000	11.455970	0.000000
0.294333	11.513136	0.000000
0.313667	11.838726	0.000000
0.333000	11.996058	0.000000
0.352333	11.855575	0.000000
0.371667	12.011866	0.000000
0.391000	11.898774	0.000000
0.410333	11.969759	0.000000
0.429667	12.066131	0.000000
0.449000	11.973071	0.000000
0.468333	12.063551	0.000000
0.487667	12.107921	0.000000
0.507000	12.496817	0.000000
0.526333	12.549617	0.000000
0.545667	12.582586	0.000000
0.565000	12.477424	0.000000
0.584333	12.802597	0.000000
0.603667	12.842961	0.000000
0.623000	12.813343	0.000000
0.642333	12.983537	0.000000
0.661667	12.973931	0.000000
0.681000	13.154655	0.000000
0.700333	13.291881	0.000000
0.719667	13.409338	0.000000
0.739000	13.747709	0.000000
0.758333	13.981392	0.000000
0.777667	14.154219	0.000000
0.797000	14.483575	0.000000
0.816333	14.606600	0.000000
0.835667	15.102609	0.000000
0.855000	15.057998	0.000000
0.874333	15.413032	0.000000
0.893667	15.601788	0.000000
0.913000	15.893846	0.000000
0.932333	15.952780	0.000000
0.951667	16.301162	0.000000
0.971000	16.513519	0.000000
0.990333	16.588187	0.000000

# Dumping simulation biases, in the metadata file order 
# Window  F (free energy units)
# 0	0.000000
# 1	-0.546769
# 2	-0.778046
# 3	-1.039945
# 4	-1.280855
# 5	-1.463694
# 6	-1.560464
# 7	-1.482446
# 8	-1.341363
# 9	-1.101290
# 10	-0.783097
# 11	-0.400454
# 12	0.085092
# 13	0.722612
# 14	1.374737
# 15	2.233852
# 16	3.342784
# 17	4.653733
# 18	5.881483
# 19	7.297572
# 20	8.559572
# 21	9.359539
# 22	9.872468
# 23	10.216736
# 24	10.520588
# 25	10.989710
# 26	11.506338
# 27	12.398096
# 28	13.586765
# 29	14.840942
#Iteration 510:  0.004925
#Iteration 520:  0.004752
#Iteration 530:  0.004585
#Iteration 540:  0.004424
#Iteration 550:  0.004268
#Iteration 560:  0.004118
#Iteration 570:  0.003973
#Iteration 580:  0.003832
#Iteration 590:  0.003697
#Iteration 600:  0.003567
-1.890333	1.445975	0.197822
-1.871000	1.297521	0.251860
-1.851667	1.014556	0.399094
-1.832333	1.235434	0.278627
-1.813000	1.143313	0.323674
-1.793667	1.319457	0.243030
-1.774333	1.018121	0.396787
-1.755000	0.947783	0.444888
-1.735667	1.026211	0.391598
-1.716333	0.758968	0.604854
-1.697000	0.986235	0.417911
-1.677667	0.809527	0.557096
-1.658333	0.921389	0.464407
-1.639000	0.903904	0.477806
-1.619667	0.782514	0.582123
-1.600333	0.565821	0.828153
-1.581000	0.723149	0.641145
-1.561667	0.473192	0.962838
-1.542333	0.365782	1.146671
-1.523000	0.466853	0.972818
-1.503667	0.467669	0.971527
-1.484333	0.392651	1.097630
-1.465000	0.419936	1.049975
-1.445667	0.332955	1.209572
-1.426333	0.329884	1.215629
-1.407000	0.187426	1.532671
-1.387667	0.310282	1.255018
-1.368333	0.199896	1.501892
-1.349000	0.245066	1.395487
-1.329667	0.000000	2.079058
-1.310333	0.137731	1.661724
-1.291000	0.278132	1.322404
-1.271667	0.127123	1.690648
-1.252333	0.175710	1.562163
-1.233000	0.353084	1.170605
-1.213667	0.225356	1.440957
-1.194333	0.263726	1.353762
-1.175000	0.378379	1.123412
-1.155667	0.371638	1.135800
-1.136333	0.373576	1.132225
-1.117000	0.452564	0.995695
-1.097667	0.483741	0.946456
-1.078333	0.417293	1.054499
-1.059000	0.521850	0.889561
-1.039667	0.716472	0.648148
-1.020333	0.805772	0.560510
-1.001000	0.678987	0.688902
-0.981667	0.873075	0.502381
-0.962333	0.864932	0.509080
-0.943000	0.850014	0.521586
-0.923667	1.037761	0.384309
-0.904333	1.065832	0.367154
-0.885000	1.358300	0.228149
-0.865667	1.283474	0.257681
-0.846333	1.396823	0.214290
-0.827000	1.514830	0.176860
-0.807667	1.400379	0.213054
-0.788333	1.579022	0.159322
-0.769000	1.751848	0.120274
-0.749667	1.716797	0.127332
-0.730333	2.015134	0.078372
-0.711000	2.094472	0.068882
-0.691667	2.135339	0.064452
-0.672333	2.222589	0.055923
-0.653000	2.671047	0.026962
-0.633667	2.654775	0.027685
-0.614333	2.972596	0.016508
-0.595000	2.787596	0.022305
-0.575667	2.936882	0.017496
-0.556333	2.972995	0.016498
-0.537000	3.281766	0.009983
-0.517667	3.384461	0.008447
-0.498333	3.711522	0.004962
-0.479000	3.776532	0.004464
-0.459667	4.014948	0.003029
-0.440333	4.142667	0.002461
-0.421000	4.296677	0.001915
-0.401667	4.485262	0.001409
-0.382333	4.641705	0.001093
-0.363000	5.146863	0.000480
-0.343667	5.339948	0.000351
-0.324333	5.669347	0.000205
-0.305000	5.812658	0.000163
-0.285667	6.147399	0.000094
-0.266333	6.745805	0.000036
-0.247000	6.669386	0.000040
-0.227667	6.818236	0.000032
-0.208333	7.091346	0.000020
-0.189000	7.312914	0.000014
-0.169667	7.574310	0.000009
-0.150333	7.898183	0.000005
-0.131000	8.066564	0.000004
-0.111667	8.321920	0.000003
-0.092333	8.875022	0.000001
-0.073000	9.074379	0.000001
-0.053667	9.311129	0.000001
-0.034333	9.700584	0.000000
-0.015000	10.003985	0.000000
0.004333	10.152414	0.000000
0.023667	10.306275	0.000000
0.043000	10.697075	0.000000
0.062333	10.915973	0.000000
0.081667	11.154529	0.000000
0.101000	11.068736	0.000000
0.120333	11.171237	0.000000
0.139667	11.556356	0.000000
0.159000	11.595103	0.000000
0.178333	11.686043	0.000000
0.197667	11.905806	0.000000
0.217000	12.157459	0.000000
0.236333	11.971703	0.000000
0.255667	12.183878	0.000000
0.275000	12.126323	0.000000
0.294333	12.189805	0.000000
0.313667	12.522026	0.000000
0.333000	12.686371	0.000000
0.352333	12.552764	0.000000
0.371667	12.715277	0.000000
0.391000	12.607768	0.000000
0.410333	12.684127	0.000000
0.429667	12.785982	0.000000
0.449000	12.698422	0.000000
0.468333	12.794167	0.000000
0.487667	12.843564	0.000000
0.507000	13.237466	0.000000
0.526333	13.295314	0.000000
0.545667	13.333112	0.000000
0.565000	13.232300	0.000000
0.584333	13.561404	0.000000
0.603667	13.605568	0.000000
0.623000	13.579787	0.000000
0.642333	13.753739	0.000000
0.661667	13.747611	0.000000
0.681000	13.931494	0.000000
0.700333	14.071628	0.000000
0.719667	14.191754	0.000000
0.739000	14.532521	0.000000
0.758333	14.768368	0.000000
0.777667	14.943220	0.000000
0.797000	15.274468	0.000000
0.816333	15.399158	0.000000
0.835667	15.896538	0.000000
0.855000	15.853059	0.000000
0.874333	16.209093	0.000000
0.893667	16.398773	0.000000
0.913000	16.691645	0.000000
0.932333	16.751216	0.000000
0.951667	17.100040	0.000000
0.971000	17.312674	0.000000
0.990333	17.387503	0.000000

# Dumping simulation biases, in the metadata file order 
# Window  F (free energy units)
# 0	0.000000
# 1	-0.543675
# 2	-0.767200
# 3	-1.015327
# 4	-1.239849
# 5	-1.400624
# 6	-1.473479
# 7	-1.366684
# 8	-1.192556
# 9	-0.916989
# 10	-0.560744
# 11	-0.135295
# 12	0.390435
# 13	1.072998
# 14	1.768797
# 15	2.671536
# 16	3.819741
# 17	5.178673
# 18	6.450749
# 19	7.907841
# 20	9.221503
# 21	10.067940
# 22	10.621504
# 23	11.002074
# 24	11.331637
# 25	11.824524
# 26	12.358515
# 27	13.261256
# 28	14.458571
# 29	15.717264
#Iteration 610:  0.003441
#Iteration 620:  0.003319
#Iteration 630:  0.003202
#Iteration 640:  0.003088
#Iteration 650:  0.002979
#Iteration 660:  0.002874
#Iteration 670:  0.002772
#Iteration 680:  0.002674
#Iteration 690:  0.002579
#Iteration 700:  0.002488
-1.890333	1.390070	0.197715
-1.871000	1.241847	0.251629
-1.851667	0.959216	0.398512
-1.832333	1.180529	0.278024
-1.813000	1.088928	0.322700
-1.793667	1.265685	0.242057
-1.774333	0.965098	0.394716
-1.755000	0.895690	0.441899
-1.735667	0.975205	0.388280
-1.716333	0.709138	0.598581
-1.697000	0.937645	0.412744
-1.677667	0.762313	0.548978
-1.658333	0.875787	0.456440
-1.639000	0.860154	0.468197
-1.619667	0.740726	0.568599
-1.600333	0.525979	0.806354
-1.581000	0.685271	0.622279
-1.561667	0.437429	0.931296
-1.542333	0.332349	1.104911
-1.523000	0.435877	0.933650
-1.503667	0.439173	0.928657
-1.484333	0.366707	1.044848
-1.465000	0.396782	0.994958
-1.445667	0.312885	1.140456
-1.426333	0.313035	1.140178
-1.407000	0.173743	1.430156
-1.387667	0.299732	1.165123
-1.368333	0.192637	1.386867
-1.349000	0.241361	1.281182
-1.329667	0.000000	1.897292
-1.310333	0.141448	1.507301
-1.291000	0.285645	1.192132
-1.271667	0.138676	1.514115
-1.252333	0.191535	1.389355
-1.233000	0.373190	1.033887
-1.213667	0.249618	1.264089
-1.194333	0.292186	1.179513
-1.175000	0.411342	0.971668
-1.155667	0.409416	0.974718
-1.136333	0.416209	0.964005
-1.117000	0.499912	0.841284
-1.097667	0.535813	0.793557
-1.078333	0.474354	0.877000
-1.059000	0.584146	0.733552
-1.039667	0.783963	0.529979
-1.020333	0.878270	0.454601
-1.001000	0.756510	0.554184
-0.981667	0.955930	0.400648
-0.962333	0.953397	0.402302
-0.943000	0.944064	0.408457
-0.923667	1.137234	0.298312
-0.904333	1.170810	0.282455
-0.885000	1.469167	0.173843
-0.865667	1.400539	0.194376
-0.846333	1.519993	0.160047
-0.827000	1.643794	0.130852
-0.807667	1.535040	0.156177
-0.788333	1.719604	0.115670
-0.769000	1.898576	0.086452
-0.749667	1.869632	0.090620
-0.730333	2.173961	0.055235
-0.711000	2.259426	0.048065
-0.691667	2.306738	0.044505
-0.672333	2.400515	0.038208
-0.653000	2.855179	0.018236
-0.633667	2.844746	0.018548
-0.614333	3.168427	0.010955
-0.595000	2.989672	0.014652
-0.575667	3.145518	0.011371
-0.556333	3.188156	0.010609
-0.537000	3.503306	0.006354
-0.517667	3.612463	0.005320
-0.498333	3.946222	0.003091
-0.479000	4.017946	0.002751
-0.459667	4.262801	0.001847
-0.440333	4.396732	0.001485
-0.421000	4.556998	0.001144
-0.401667	4.751961	0.000833
-0.382333	4.914748	0.000639
-0.363000	5.426199	0.000278
-0.343667	5.625770	0.000201
-0.324333	5.961967	0.000116
-0.305000	6.112056	0.000091
-0.285667	6.453084	0.000052
-0.266333	7.057247	0.000020
-0.247000	6.986498	0.000022
-0.227667	7.141393	0.000017
-0.208333	7.420928	0.000011
-0.189000	7.648918	0.000007
-0.169667	7.916477	0.000005
-0.150333	8.246389	0.000003
-0.131000	8.420878	0.000002
-0.111667	8.682276	0.000001
-0.092333	9.241070	0.000001
-0.073000	9.445809	0.000000
-0.053667	9.688079	0.000000
-0.034333	10.083620	0.000000
-0.015000	10.393572	0.000000
0.004333	10.548369	0.000000
0.023667	10.707831	0.000000
0.043000	11.103480	0.000000
0.062333	11.327029	0.000000
0.081667	11.570653	0.000000
0.101000	11.490546	0.000000
0.120333	11.598944	0.000000
0.139667	11.989554	0.000000
0.159000	12.033175	0.000000
0.178333	12.128710	0.000000
0.197667	12.353296	0.000000
0.217000	12.610193	0.000000
0.236333	12.429787	0.000000
0.255667	12.646951	0.000000
0.275000	12.593918	0.000000
0.294333	12.661786	0.000000
0.313667	12.998632	0.000000
0.333000	13.167851	0.000000
0.352333	13.038984	0.000000
0.371667	13.205764	0.000000
0.391000	13.102095	0.000000
0.410333	13.182175	0.000000
0.429667	13.287839	0.000000
0.449000	13.204094	0.000000
0.468333	13.303485	0.000000
0.487667	13.356366	0.000000
0.507000	13.753744	0.000000
0.526333	13.815088	0.000000
0.545667	13.856219	0.000000
0.565000	13.758401	0.000000
0.584333	14.090216	0.000000
0.603667	14.137014	0.000000
0.623000	14.113895	0.000000
0.642333	14.290449	0.000000
0.661667	14.286726	0.000000
0.681000	14.472790	0.000000
0.700333	14.614936	0.000000
0.719667	14.736906	0.000000
0.739000	15.079330	0.000000
0.758333	15.316674	0.000000
0.777667	15.492928	0.000000
0.797000	15.825485	0.000000
0.816333	15.951324	0.000000
0.835667	16.449652	0.000000
0.855000	16.406955	0.000000
0.874333	16.763680	0.000000
0.893667	16.954000	0.000000
0.913000	17.247434	0.000000
0.932333	17.307447	0.000000
0.951667	17.656576	0.000000
0.971000	17.869402	0.000000
0.990333	17.944343	0.000000

# Dumping simulation biases, in the metadata file order 
# Window  F (free energy units)
# 0	0.000000
# 1	-0.541507
# 2	-0.759601
# 3	-0.998073
# 4	-1.211119
# 5	-1.356436
# 6	-1.412531
# 7	-1.285619
# 8	-1.088356
# 9	-0.787991
# 10	-0.405130
# 11	0.050235
# 12	0.604045
# 13	1.317957
# 14	2.044364
# 15	2.977494
# 16	4.153083
# 17	5.545271
# 18	6.848354
# 19	8.333866
# 20	9.683369
# 21	10.562198
# 22	11.144067
# 23	11.549848
# 24	11.897319
# 25	12.406687
# 26	12.952762
# 27	13.863130
# 28	15.066443
# 29	16.328270
#Iteration 710:  0.002400
#Iteration 720:  0.002315
#Iteration 730:  0.002233
#Iteration 740:  0.002154
#Iteration 750:  0.002077
#Iteration 760:  0.002004
#Iteration 770:  0.001933
#Iteration 780:  0.001864
#Iteration 790:  0.001798
#Iteration 800:  0.001735
-1.890333	1.350951	0.197640
-1.871000	1.202889	0.251467
-1.851667	0.920492	0.398105
-1.832333	1.142109	0.277602
-1.813000	1.050872	0.322020
-1.793667	1.228058	0.241379
-1.774333	0.927996	0.393274
-1.755000	0.859238	0.439819
-1.735667	0.939515	0.385974
-1.716333	0.674270	0.594230
-1.697000	0.903645	0.409166
-1.677667	0.729277	0.543366
-1.658333	0.843883	0.450944
-1.639000	0.829547	0.461584
-1.619667	0.711488	0.559320
-1.600333	0.498102	0.791441
-1.581000	0.658767	0.609407
-1.561667	0.412405	0.909839
-1.542333	0.308956	1.076594
-1.523000	0.414202	0.907183
-1.503667	0.419231	0.899791
-1.484333	0.348553	1.009430
-1.465000	0.380586	0.958175
-1.445667	0.298850	1.094439
-1.426333	0.301250	1.090174
-1.407000	0.164168	1.362530
-1.387667	0.292346	1.106081
-1.368333	0.187557	1.311659
-1.349000	0.238771	1.206808
-1.329667	0.000000	1.779637
-1.310333	0.144047	1.407866
-1.291000	0.290900	1.108686
-1.271667	0.146761	1.401663
-1.252333	0.202609	1.279932
-1.233000	0.387248	0.947846
-1.213667	0.266577	1.153436
-1.194333	0.312085	1.071127
-1.175000	0.434400	0.877859
-1.155667	0.435843	0.875800
-1.136333	0.446023	0.861416
-1.117000	0.533014	0.747744
-1.097667	0.572219	0.701543
-1.078333	0.514254	0.770917
-1.059000	0.627702	0.640996
-1.039667	0.831138	0.460391
-1.020333	0.928934	0.392675
-1.001000	0.810692	0.475961
-0.981667	1.013849	0.342011
-0.962333	1.015240	0.341238
-0.943000	1.009801	0.344270
-0.923667	1.206758	0.249890
-0.904333	1.244193	0.235126
-0.885000	1.546681	0.143744
-0.865667	1.482382	0.159594
-0.846333	1.606082	0.130504
-0.827000	1.733910	0.106001
-0.807667	1.629132	0.125701
-0.788333	1.817838	0.092473
-0.769000	2.001102	0.068634
-0.749667	1.976414	0.071446
-0.730333	2.284926	0.043253
-0.711000	2.374678	0.037377
-0.691667	2.426494	0.034355
-0.672333	2.524812	0.029277
-0.653000	2.983779	0.013876
-0.633667	2.977407	0.014021
-0.614333	3.305192	0.008226
-0.595000	3.130820	0.010924
-0.575667	3.291255	0.008415
-0.556333	3.338445	0.007793
-0.537000	3.658044	0.004633
-0.517667	3.771718	0.003851
-0.498333	4.110153	0.002221
-0.479000	4.186546	0.001961
-0.459667	4.435869	0.001307
-0.440333	4.574120	0.001044
-0.421000	4.738750	0.000799
-0.401667	4.938164	0.000577
-0.382333	5.105374	0.000440
-0.363000	5.621220	0.000190
-0.343667	5.825330	0.000136
-0.324333	6.166270	0.000078
-0.305000	6.321059	0.000061
-0.285667	6.666428	0.000035
-0.266333	7.274579	0.000013
-0.247000	7.207791	0.000014
-0.227667	7.366925	0.000011
-0.208333	7.650954	0.000007
-0.189000	7.883414	0.000005
-0.169667	8.155256	0.000003
-0.150333	8.489373	0.000002
-0.131000	8.668114	0.000001
-0.111667	8.933708	0.000001
-0.092333	9.496450	0.000000
-0.073000	9.704939	0.000000
-0.053667	9.951082	0.000000
-0.034333	10.350897	0.000000
-0.015000	10.665420	0.000000
0.004333	10.824617	0.000000
0.023667	10.987925	0.000000
0.043000	11.386920	0.000000
0.062333	11.613713	0.000000
0.081667	11.860901	0.000000
0.101000	11.784782	0.000000
0.120333	11.897286	0.000000
0.139667	12.291694	0.000000
0.159000	12.338687	0.000000
0.178333	12.437421	0.000000
0.197667	12.665386	0.000000
0.217000	12.925953	0.000000
0.236333	12.749269	0.000000
0.255667	12.969887	0.000000
0.275000	12.919989	0.000000
0.294333	12.990913	0.000000
0.313667	13.330990	0.000000
0.333000	13.503602	0.000000
0.352333	13.378019	0.000000
0.371667	13.547745	0.000000
0.391000	13.446733	0.000000
0.410333	13.529401	0.000000
0.429667	13.637718	0.000000
0.449000	13.556628	0.000000
0.468333	13.658554	0.000000
0.487667	13.713859	0.000000
0.507000	14.113657	0.000000
0.526333	14.177434	0.000000
0.545667	14.220875	0.000000
0.565000	14.125130	0.000000
0.584333	14.458827	0.000000
0.603667	14.507457	0.000000
0.623000	14.486191	0.000000
0.642333	14.664555	0.000000
0.661667	14.662500	0.000000
0.681000	14.850080	0.000000
0.700333	14.993622	0.000000
0.719667	15.116874	0.000000
0.739000	15.460448	0.000000
0.758333	15.698833	0.000000
0.777667	15.876061	0.000000
0.797000	16.209528	0.000000
0.816333	16.336165	0.000000
0.835667	16.835150	0.000000
0.855000	16.792996	0.000000
0.874333	17.150202	0.000000
0.893667	17.340966	0.000000
0.913000	17.634792	0.000000
0.932333	17.695112	0.000000
0.951667	18.044453	0.000000
0.971000	18.257411	0.000000
0.990333	18.332429	0.000000

# Dumping simulation biases, in the metadata file order 
# Window  F (free energy units)
# 0	0.000000
# 1	-0.539994
# 2	-0.754299
# 3	-0.986030
# 4	-1.191070
# 5	-1.325596
# 6	-1.369991
# 7	-1.229053
# 8	-1.015644
# 9	-0.697992
# 10	-0.296555
# 11	0.179675
# 12	0.753079
# 13	1.488809
# 14	2.236623
# 15	3.190927
# 16	4.385616
# 17	5.800902
# 18	7.125668
# 19	8.630936
# 20	10.005366
# 21	10.906808
# 22	11.508428
# 23	11.931766
# 24	12.291738
# 25	12.812577
# 26	13.367084
# 27	14.282766
# 28	15.490255
# 29	16.754266
#Iteration 810:  0.001673
#Iteration 820:  0.001614
#Iteration 830:  0.001557
#Iteration 840:  0.001501
#Iteration 850:  0.001448
#Iteration 860:  0.001397
#Iteration 870:  0.001347
#Iteration 880:  0.001300
#Iteration 890:  0.001254
#Iteration 900:  0.001209
-1.890333	1.323631	0.197587
-1.871000	1.175681	0.251355
-1.851667	0.893447	0.397820
-1.832333	1.115277	0.277308
-1.813000	1.024294	0.321546
-1.793667	1.201779	0.240907
-1.774333	0.902084	0.392270
-1.755000	0.833780	0.438372
-1.735667	0.914588	0.384371
-1.716333	0.649918	0.591211
-1.697000	0.879900	0.406686
-1.677667	0.706206	0.539479
-1.658333	0.821603	0.447142
-1.639000	0.808173	0.457019
-1.619667	0.691070	0.552927
-1.600333	0.478633	0.781190
-1.581000	0.640257	0.600576
-1.561667	0.394929	0.895147
-1.542333	0.292619	1.057248
-1.523000	0.399064	0.889145
-1.503667	0.405303	0.880166
-1.484333	0.335875	0.985407
-1.465000	0.369277	0.933291
-1.445667	0.289052	1.063401
-1.426333	0.293021	1.056556
-1.407000	0.157479	1.317207
-1.387667	0.287186	1.066633
-1.368333	0.184010	1.261566
-1.349000	0.236963	1.157439
-1.329667	0.000000	1.701822
-1.310333	0.145861	1.342340
-1.291000	0.294570	1.053897
-1.271667	0.152410	1.328114
-1.252333	0.210343	1.208664
-1.233000	0.397063	0.892044
-1.213667	0.278413	1.081965
-1.194333	0.325977	1.001403
-1.175000	0.450502	0.817770
-1.155667	0.454299	0.812735
-1.136333	0.466839	0.796323
-1.117000	0.556121	0.688669
-1.097667	0.597634	0.643697
-1.078333	0.542110	0.704546
-1.059000	0.658110	0.583384
-1.039667	0.864065	0.417298
-1.020333	0.964293	0.354515
-1.001000	0.848509	0.427993
-0.981667	1.054281	0.306237
-0.962333	1.058411	0.304186
-0.943000	1.055687	0.305537
-0.923667	1.255285	0.220824
-0.904333	1.295419	0.206867
-0.885000	1.600798	0.125875
-0.865667	1.539521	0.139069
-0.846333	1.666173	0.113175
-0.827000	1.796802	0.091508
-0.807667	1.694797	0.108026
-0.788333	1.886398	0.079097
-0.769000	2.072656	0.058421
-0.749667	2.050934	0.060522
-0.730333	2.362363	0.036466
-0.711000	2.455112	0.031359
-0.691667	2.510072	0.028677
-0.672333	2.611550	0.024313
-0.653000	3.073506	0.011467
-0.633667	3.069961	0.011534
-0.614333	3.400615	0.006735
-0.595000	3.229313	0.008900
-0.575667	3.392954	0.006820
-0.556333	3.443317	0.006283
-0.537000	3.766020	0.003717
-0.517667	3.882849	0.003074
-0.498333	4.224546	0.001763
-0.479000	4.304187	0.001549
-0.459667	4.556615	0.001027
-0.440333	4.697874	0.000816
-0.421000	4.865549	0.000621
-0.401667	5.068066	0.000447
-0.382333	5.238362	0.000339
-0.363000	5.757276	0.000146
-0.343667	5.964558	0.000104
-0.324333	6.308806	0.000059
-0.305000	6.466858	0.000046
-0.285667	6.815235	0.000026
-0.266333	7.426155	0.000010
-0.247000	7.362134	0.000011
-0.227667	7.524237	0.000008
-0.208333	7.811406	0.000005
-0.189000	8.046979	0.000004
-0.169667	8.321801	0.000002
-0.150333	8.658848	0.000001
-0.131000	8.840552	0.000001
-0.111667	9.109063	0.000001
-0.092333	9.674550	0.000000
-0.073000	9.885654	0.000000
-0.053667	10.134510	0.000000
-0.034333	10.537322	0.000000
-0.015000	10.855031	0.000000
0.004333	11.017276	0.000000
0.023667	11.183241	0.000000
0.043000	11.584553	0.000000
0.062333	11.813611	0.000000
0.081667	12.063298	0.000000
0.101000	11.989974	0.000000
0.120333	12.105337	0.000000
0.139667	12.502381	0.000000
0.159000	12.551712	0.000000
0.178333	12.652676	0.000000
0.197667	12.883007	0.000000
0.217000	13.146140	0.000000
0.236333	12.972049	0.000000
0.255667	13.195064	0.000000
0.275000	13.147344	0.000000
0.294333	13.220398	0.000000
0.313667	13.562732	0.000000
0.333000	13.737709	0.000000
0.352333	13.614406	0.000000
0.371667	13.786174	0.000000
0.391000	13.687006	0.000000
0.410333	13.771476	0.000000
0.429667	13.881644	0.000000
0.449000	13.802404	0.000000
0.468333	13.906095	0.000000
0.487667	13.963088	0.000000
0.507000	14.364573	0.000000
0.526333	14.430044	0.000000
0.545667	14.475092	0.000000
0.565000	14.380786	0.000000
0.584333	14.715791	0.000000
0.603667	14.765696	0.000000
0.623000	14.745723	0.000000
0.642333	14.925346	0.000000
0.661667	14.924453	0.000000
0.681000	15.113087	0.000000
0.700333	15.257601	0.000000
0.719667	15.381745	0.000000
0.739000	15.726119	0.000000
0.758333	15.965229	0.000000
0.777667	16.143135	0.000000
0.797000	16.477236	0.000000
0.816333	16.604428	0.000000
0.835667	17.103870	0.000000
0.855000	17.062094	0.000000
0.874333	17.419634	0.000000
0.893667	17.610708	0.000000
0.913000	17.904807	0.000000
0.932333	17.965340	0.000000
0.951667	18.314829	0.000000
0.971000	18.527879	0.000000
0.990333	18.602951	0.000000

# Dumping simulation biases, in the metadata file order 
# Window  F (free energy units)
# 0	0.000000
# 1	-0.538939
# 2	-0.750603
# 3	-0.977634
# 4	-1.177094
# 5	-1.304097
# 6	-1.340332
# 7	-1.189623
# 8	-0.964956
# 9	-0.635258
# 10	-0.220869
# 11	0.269907
# 12	0.856975
# 13	1.607893
# 14	2.370667
# 15	3.339723
# 16	4.547734
# 17	5.979084
# 18	7.319003
# 19	8.838019
# 20	10.229805
# 21	11.147035
# 22	11.762442
# 23	12.198018
# 24	12.566718
# 25	13.095550
# 26	13.655943
# 27	14.575331
# 28	15.785731
# 29	17.051264
#Iteration 910:  0.001166
#Iteration 920:  0.001125
#Iteration 930:  0.001085
#Iteration 940:  0.001047
#Iteration 950:  0.001010
#Iteration 960:  0.000974
#Iteration 970:  0.000939
#Iteration 980:  0.000906
#Iteration 990:  0.000874
#Iteration 1000:  0.000843
-1.890333	1.304566	0.197551
-1.871000	1.156694	0.251276
-1.851667	0.874575	0.397622
-1.832333	1.096552	0.277104
-1.813000	1.005746	0.321216
-1.793667	1.183440	0.240578
-1.774333	0.884002	0.391571
-1.755000	0.816015	0.437365
-1.735667	0.897194	0.383257
-1.716333	0.632924	0.589113
-1.697000	0.863329	0.404963
-1.677667	0.690106	0.536783
-1.658333	0.806056	0.444508
-1.639000	0.793258	0.453860
-1.619667	0.676823	0.548509
-1.600333	0.465047	0.774114
-1.581000	0.627339	0.594490
-1.561667	0.382733	0.885035
-1.542333	0.281218	1.043954
-1.523000	0.388500	0.876771
-1.503667	0.395583	0.866726
-1.484333	0.327028	0.968984
-1.465000	0.361387	0.916309
-1.445667	0.282216	1.042262
-1.426333	0.287280	1.033710
-1.407000	0.152811	1.286477
-1.387667	0.283585	1.039943
-1.368333	0.181534	1.227748
-1.349000	0.235701	1.124189
-1.329667	0.000000	1.649545
-1.310333	0.147126	1.298430
-1.291000	0.297131	1.017276
-1.271667	0.156353	1.279086
-1.252333	0.215740	1.161294
-1.233000	0.403910	0.855065
-1.213667	0.286670	1.034736
-1.194333	0.335669	0.955458
-1.175000	0.461738	0.778292
-1.155667	0.467177	0.771436
-1.136333	0.481362	0.753839
-1.117000	0.572241	0.650237
-1.097667	0.615365	0.606184
-1.078333	0.561546	0.661650
-1.059000	0.679324	0.546282
-1.039667	0.887034	0.389644
-1.020333	0.988957	0.330110
-1.001000	0.874889	0.397419
-0.981667	1.082488	0.283517
-0.962333	1.088530	0.280744
-0.943000	1.087698	0.281124
-0.923667	1.289138	0.202572
-0.904333	1.331159	0.189187
-0.885000	1.638558	0.114739
-0.865667	1.579387	0.126333
-0.846333	1.708094	0.102467
-0.827000	1.840672	0.082588
-0.807667	1.740601	0.097189
-0.788333	1.934222	0.070929
-0.769000	2.122570	0.052210
-0.749667	2.102915	0.053906
-0.730333	2.416378	0.032372
-0.711000	2.511219	0.027744
-0.691667	2.568374	0.025281
-0.672333	2.672051	0.021357
-0.653000	3.136084	0.010039
-0.633667	3.134509	0.010065
-0.614333	3.467168	0.005858
-0.595000	3.298012	0.007714
-0.575667	3.463893	0.005890
-0.556333	3.516467	0.005407
-0.537000	3.841335	0.003187
-0.517667	3.960365	0.002626
-0.498333	4.304337	0.001501
-0.479000	4.386239	0.001314
-0.459667	4.640827	0.000868
-0.440333	4.784181	0.000688
-0.421000	4.953980	0.000522
-0.401667	5.158663	0.000374
-0.382333	5.331109	0.000282
-0.363000	5.852165	0.000121
-0.343667	6.061662	0.000086
-0.324333	6.408217	0.000049
-0.305000	6.568537	0.000038
-0.285667	6.919002	0.000021
-0.266333	7.531848	0.000008
-0.247000	7.469759	0.000009
-0.227667	7.633938	0.000007
-0.208333	7.923300	0.000004
-0.189000	8.161043	0.000003
-0.169667	8.437940	0.000002
-0.150333	8.777029	0.000001
-0.131000	8.960797	0.000001
-0.111667	9.231339	0.000000
-0.092333	9.798735	0.000000
-0.073000	10.011664	0.000000
-0.053667	10.262419	0.000000
-0.034333	10.667327	0.000000
-0.015000	10.987258	0.000000
0.004333	11.151619	0.000000
0.023667	11.319423	0.000000
0.043000	11.722343	0.000000
0.062333	11.952983	0.000000
0.081667	12.204422	0.000000
0.101000	12.133051	0.000000
0.120333	12.250408	0.000000
0.139667	12.649281	0.000000
0.159000	12.700238	0.000000
0.178333	12.802759	0.000000
0.197667	13.034744	0.000000
0.217000	13.299669	0.000000
0.236333	13.127384	0.000000
0.255667	13.352066	0.000000
0.275000	13.305860	0.000000
0.294333	13.380401	0.000000
0.313667	13.724311	0.000000
0.333000	13.900937	0.000000
0.352333	13.779218	0.000000
0.371667	13.952403	0.000000
0.391000	13.854518	0.000000
0.410333	13.940244	0.000000
0.429667	14.051703	0.000000
0.449000	13.973753	0.000000
0.468333	14.078673	0.000000
0.487667	14.136843	0.000000
0.507000	14.539504	0.000000
0.526333	14.606155	0.000000
0.545667	14.652320	0.000000
0.565000	14.559016	0.000000
0.584333	14.894931	0.000000
0.603667	14.945726	0.000000
0.623000	14.926653	0.000000
0.642333	15.107154	0.000000
0.661667	15.107069	0.000000
0.681000	15.296437	0.000000
0.700333	15.441629	0.000000
0.719667	15.566394	0.000000
0.739000	15.911325	0.000000
0.758333	16.150939	0.000000
0.777667	16.329319	0.000000
0.797000	16.663861	0.000000
0.816333	16.791440	0.000000
0.835667	17.291200	0.000000
0.855000	17.249686	0.000000
0.874333	17.607460	0.000000
0.893667	17.798750	0.000000
0.913000	18.093039	0.000000
0.932333	18.153720	0.000000
0.951667	18.503312	0.000000
0.971000	18.716426	0.000000
0.990333	18.791536	0.000000

# Dumping simulation biases, in the metadata file order 
# Window  F (free energy units)
# 0	0.000000
# 1	-0.538204
# 2	-0.748028
# 3	-0.971783
# 4	-1.167354
# 5	-1.289114
# 6	-1.319660
# 7	-1.162144
# 8	-0.929629
# 9	-0.591539
# 10	-0.168118
# 11	0.332796
# 12	0.929391
# 13	1.690887
# 14	2.464105
# 15	3.443443
# 16	4.660744
# 17	6.103274
# 18	7.453775
# 19	8.982367
# 20	10.386243
# 21	11.314493
# 22	11.939521
# 23	12.383629
# 24	12.758422
# 25	13.292827
# 26	13.857328
# 27	14.779301
# 28	15.991730
# 29	17.258326
#Iteration 1010:  0.000813
#Iteration 1020:  0.000784
#Iteration 1030:  0.000756
#Iteration 1040:  0.000730
#Iteration 1050:  0.000704
#Iteration 1060:  0.000679
#Iteration 1070:  0.000655
#Iteration 1080:  0.000632
#Iteration 1090:  0.000609
#Iteration 1100:  0.000588
-1.890333	1.291266	0.197525
-1.871000	1.143450	0.251221
-1.851667	0.861410	0.397484
-1.832333	1.083490	0.276961
-1.813000	0.992808	0.320986
-1.793667	1.170648	0.240348
-1.774333	0.871389	0.391084
-1.755000	0.803623	0.436663
-1.735667	0.885060	0.382482
-1.716333	0.621070	0.587654
-1.697000	0.851770	0.403767
-1.677667	0.678876	0.534911
-1.658333	0.795212	0.442679
-1.639000	0.782855	0.451668
-1.619667	0.666884	0.545448
-1.600333	0.455570	0.769217
-1.581000	0.618328	0.590281
-1.561667	0.374226	0.878049
-1.542333	0.273266	1.034779
-1.523000	0.381130	0.868242
-1.503667	0.388802	0.857473
-1.484333	0.320856	0.957690
-1.465000	0.355883	0.904645
-1.445667	0.277448	1.027764
-1.426333	0.283275	1.018067
-1.407000	0.149555	1.265466
-1.387667	0.281072	1.021722
-1.368333	0.179806	1.204696
-1.349000	0.234822	1.101562
-1.329667	0.000000	1.614032
-1.310333	0.148008	1.268654
-1.291000	0.298918	0.992486
-1.271667	0.159103	1.245961
-1.252333	0.219505	1.129354
-1.233000	0.408685	0.830182
-1.213667	0.292428	1.003020
-1.194333	0.342429	0.924663
-1.175000	0.469576	0.751888
-1.155667	0.476161	0.743876
-1.136333	0.491492	0.725554
-1.117000	0.583484	0.624707
-1.097667	0.627731	0.581320
-1.078333	0.575102	0.633284
-1.059000	0.694121	0.521808
-1.039667	0.903053	0.371449
-1.020333	1.006157	0.314090
-1.001000	0.893287	0.377397
-0.981667	1.102161	0.268675
-0.962333	1.109537	0.265471
-0.943000	1.110023	0.265260
-0.923667	1.312748	0.190742
-0.904333	1.356086	0.177757
-0.885000	1.664896	0.107560
-0.865667	1.607194	0.118146
-0.846333	1.737330	0.095604
-0.827000	1.871267	0.076886
-0.807667	1.772545	0.090281
-0.788333	1.967575	0.065736
-0.769000	2.157380	0.048273
-0.749667	2.139165	0.049725
-0.730333	2.454047	0.029793
-0.711000	2.550348	0.025473
-0.691667	2.609033	0.023153
-0.672333	2.714242	0.019511
-0.653000	3.179721	0.009150
-0.633667	3.179518	0.009153
-0.614333	3.513578	0.005315
-0.595000	3.345921	0.006982
-0.575667	3.513365	0.005317
-0.556333	3.567481	0.004869
-0.537000	3.893857	0.002863
-0.517667	4.014424	0.002353
-0.498333	4.359982	0.001341
-0.479000	4.443459	0.001171
-0.459667	4.699550	0.000772
-0.440333	4.844365	0.000610
-0.421000	5.015645	0.000462
-0.401667	5.221838	0.000330
-0.382333	5.395784	0.000249
-0.363000	5.918334	0.000106
-0.343667	6.129377	0.000075
-0.324333	6.477540	0.000043
-0.305000	6.639439	0.000033
-0.285667	6.991354	0.000019
-0.266333	7.605541	0.000007
-0.247000	7.544801	0.000008
-0.227667	7.710431	0.000006
-0.208333	8.001324	0.000004
-0.189000	8.240577	0.000002
-0.169667	8.518921	0.000002
-0.150333	8.859432	0.000001
-0.131000	9.044639	0.000001
-0.111667	9.316595	0.000000
-0.092333	9.885322	0.000000
-0.073000	10.099522	0.000000
-0.053667	10.351605	0.000000
-0.034333	10.757979	0.000000
-0.015000	11.079459	0.000000
0.004333	11.245290	0.000000
0.023667	11.414370	0.000000
0.043000	11.818408	0.000000
0.062333	12.050152	0.000000
0.081667	12.302816	0.000000
0.101000	12.232811	0.000000
0.120333	12.351557	0.000000
0.139667	12.751703	0.000000
0.159000	12.803791	0.000000
0.178333	12.907397	0.000000
0.197667	13.140537	0.000000
0.217000	13.406715	0.000000
0.236333	13.235688	0.000000
0.255667	13.461530	0.000000
0.275000	13.416379	0.000000
0.294333	13.491956	0.000000
0.313667	13.836966	0.000000
0.333000	14.014741	0.000000
0.352333	13.894125	0.000000
0.371667	14.068296	0.000000
0.391000	13.971303	0.000000
0.410333	14.057904	0.000000
0.429667	14.170263	0.000000
0.449000	14.093212	0.000000
0.468333	14.198989	0.000000
0.487667	14.257980	0.000000
0.507000	14.661461	0.000000
0.526333	14.728934	0.000000
0.545667	14.775878	0.000000
0.565000	14.683270	0.000000
0.584333	15.019819	0.000000
0.603667	15.071234	0.000000
0.623000	15.052789	0.000000
0.642333	15.233902	0.000000
0.661667	15.234381	0.000000
0.681000	15.424260	0.000000
0.700333	15.569923	0.000000
0.719667	15.695121	0.000000
0.739000	16.040441	0.000000
0.758333	16.280407	0.000000
0.777667	16.459116	0.000000
0.797000	16.793965	0.000000
0.816333	16.921814	0.000000
0.835667	17.421795	0.000000
0.855000	17.380465	0.000000
0.874333	17.738401	0.000000
0.893667	17.929841	0.000000
0.913000	18.224262	0.000000
0.932333	18.285048	0.000000
0.951667	18.634711	0.000000
0.971000	18.847870	0.000000
0.990333	18.923006	0.000000

# Dumping simulation biases, in the metadata file order 
# Window  F (free energy units)
# 0	0.000000
# 1	-0.537692
# 2	-0.746233
# 3	-0.967705
# 4	-1.160566
# 5	-1.278672
# 6	-1.305253
# 7	-1.142993
# 8	-0.905007
# 9	-0.561069
# 10	-0.131352
# 11	0.376627
# 12	0.979865
# 13	1.748730
# 14	2.529238
# 15	3.515741
# 16	4.739522
# 17	6.189836
# 18	7.547724
# 19	9.082987
# 20	10.495289
# 21	11.431228
# 22	12.062968
# 23	12.513026
# 24	12.892071
# 25	13.430360
# 26	13.997728
# 27	14.921504
# 28	16.135349
# 29	17.402684
#Iteration 1110:  0.000567
#Iteration 1120:  0.000547
#Iteration 1130:  0.000527
#Iteration 1140:  0.000509
#Iteration 1150:  0.000491
#Iteration 1160:  0.000473
#Iteration 1170:  0.000456
#Iteration 1180:  0.000440
#Iteration 1190:  0.000425
#Iteration 1200:  0.000410
-1.890333	1.281991	0.197508
-1.871000	1.134213	0.251183
-1.851667	0.852228	0.397388
-1.832333	1.074381	0.276861
-1.813000	0.983784	0.320826
-1.793667	1.161726	0.240188
-1.774333	0.862592	0.390744
-1.755000	0.794980	0.436175
-1.735667	0.876597	0.381942
-1.716333	0.612803	0.586638
-1.697000	0.843709	0.402934
-1.677667	0.671044	0.533608
-1.658333	0.787649	0.441408
-1.639000	0.775600	0.450146
-1.619667	0.659953	0.543323
-1.600333	0.448960	0.765820
-1.581000	0.612044	0.587363
-1.561667	0.368293	0.873209
-1.542333	0.267720	1.028429
-1.523000	0.375991	0.862343
-1.503667	0.384073	0.851079
-1.484333	0.316552	0.949891
-1.465000	0.352045	0.896598
-1.445667	0.274123	1.017771
-1.426333	0.280482	1.007296
-1.407000	0.147283	1.251017
-1.387667	0.279319	1.009204
-1.368333	0.178602	1.188876
-1.349000	0.234208	1.086051
-1.329667	0.000000	1.589718
-1.310333	0.148623	1.248293
-1.291000	0.300164	0.975555
-1.271667	0.161022	1.223367
-1.252333	0.222131	1.107599
-1.233000	0.412015	0.813258
-1.213667	0.296443	0.981478
-1.194333	0.347143	0.903777
-1.175000	0.475043	0.734005
-1.155667	0.482427	0.725241
-1.136333	0.498556	0.706458
-1.117000	0.591324	0.607498
-1.097667	0.636355	0.564587
-1.078333	0.584555	0.614225
-1.059000	0.704439	0.505392
-1.039667	0.914223	0.359265
-1.020333	1.018151	0.303382
-1.001000	0.906116	0.364034
-0.981667	1.115881	0.258787
-0.962333	1.124186	0.255314
-0.943000	1.125592	0.254731
-0.923667	1.329212	0.182904
-0.904333	1.373469	0.170198
-0.885000	1.683264	0.102821
-0.865667	1.626585	0.112752
-0.846333	1.757718	0.091092
-0.827000	1.892601	0.073145
-0.807667	1.794819	0.085757
-0.788333	1.990833	0.062342
-0.769000	2.181653	0.045705
-0.749667	2.164442	0.047003
-0.730333	2.480313	0.028116
-0.711000	2.577633	0.024000
-0.691667	2.637386	0.021776
-0.672333	2.743662	0.018319
-0.653000	3.210147	0.008577
-0.633667	3.210901	0.008566
-0.614333	3.545938	0.004967
-0.595000	3.379329	0.006513
-0.575667	3.547862	0.004951
-0.556333	3.603053	0.004526
-0.537000	3.930482	0.002657
-0.517667	4.052120	0.002180
-0.498333	4.398785	0.001240
-0.479000	4.483358	0.001081
-0.459667	4.740496	0.000711
-0.440333	4.886328	0.000561
-0.421000	5.058641	0.000424
-0.401667	5.265887	0.000303
-0.382333	5.440879	0.000228
-0.363000	5.964471	0.000097
-0.343667	6.176593	0.000069
-0.324333	6.525878	0.000039
-0.305000	6.688875	0.000030
-0.285667	7.041800	0.000017
-0.266333	7.656921	0.000006
-0.247000	7.597122	0.000007
-0.227667	7.763765	0.000005
-0.208333	8.055726	0.000003
-0.189000	8.296032	0.000002
-0.169667	8.575383	0.000001
-0.150333	8.916887	0.000001
-0.131000	9.103097	0.000001
-0.111667	9.376038	0.000000
-0.092333	9.945690	0.000000
-0.073000	10.160778	0.000000
-0.053667	10.413788	0.000000
-0.034333	10.821186	0.000000
-0.015000	11.143746	0.000000
0.004333	11.310600	0.000000
0.023667	11.480567	0.000000
0.043000	11.885383	0.000000
0.062333	12.117897	0.000000
0.081667	12.371418	0.000000
0.101000	12.302366	0.000000
0.120333	12.422080	0.000000
0.139667	12.823112	0.000000
0.159000	12.875987	0.000000
0.178333	12.980350	0.000000
0.197667	13.214297	0.000000
0.217000	13.481348	0.000000
0.236333	13.311198	0.000000
0.255667	13.537848	0.000000
0.275000	13.493432	0.000000
0.294333	13.569732	0.000000
0.313667	13.915509	0.000000
0.333000	14.094085	0.000000
0.352333	13.974237	0.000000
0.371667	14.149093	0.000000
0.391000	14.052722	0.000000
0.410333	14.139934	0.000000
0.429667	14.252920	0.000000
0.449000	14.176496	0.000000
0.468333	14.282870	0.000000
0.487667	14.342433	0.000000
0.507000	14.746486	0.000000
0.526333	14.814533	0.000000
0.545667	14.862018	0.000000
0.565000	14.769895	0.000000
0.584333	15.106886	0.000000
0.603667	15.158733	0.000000
0.623000	15.140727	0.000000
0.642333	15.322266	0.000000
0.661667	15.323137	0.000000
0.681000	15.513373	0.000000
0.700333	15.659365	0.000000
0.719667	15.784864	0.000000
0.739000	16.130455	0.000000
0.758333	16.370666	0.000000
0.777667	16.549605	0.000000
0.797000	16.884668	0.000000
0.816333	17.012704	0.000000
0.835667	17.512840	0.000000
0.855000	17.471637	0.000000
0.874333	17.829687	0.000000
0.893667	18.021232	0.000000
0.913000	18.315745	0.000000
0.932333	18.376603	0.000000
0.951667	18.726316	0.000000
0.971000	18.939506	0.000000
0.990333	19.014660	0.000000

# Dumping simulation biases, in the metadata file order 
# Window  F (free energy units)
# 0	0.000000
# 1	-0.537335
# 2	-0.744982
# 3	-0.964863
# 4	-1.155836
# 5	-1.271394
# 6	-1.295210
# 7	-1.129645
# 8	-0.887846
# 9	-0.539832
# 10	-0.105726
# 11	0.407179
# 12	1.015048
# 13	1.789048
# 14	2.574641
# 15	3.566138
# 16	4.794437
# 17	6.250174
# 18	7.613217
# 19	9.153129
# 20	10.571302
# 21	11.512606
# 22	12.149028
# 23	12.603234
# 24	12.985246
# 25	13.526243
# 26	14.095611
# 27	15.020645
# 28	16.235476
# 29	17.503328
#Iteration 1210:  0.000395
#Iteration 1220:  0.000381
#Iteration 1230:  0.000368
#Iteration 1240:  0.000355
#Iteration 1250:  0.000342
#Iteration 1260:  0.000330
#Iteration 1270:  0.000318
#Iteration 1280:  0.000307
#Iteration 1290:  0.000296
#Iteration 1300:  0.000286
-1.890333	1.275523	0.197495
-1.871000	1.127772	0.251156
-1.851667	0.845825	0.397321
-1.832333	1.068028	0.276792
-1.813000	0.977492	0.320714
-1.793667	1.155504	0.240077
-1.774333	0.856457	0.390508
-1.755000	0.788953	0.435835
-1.735667	0.870696	0.381566
-1.716333	0.607037	0.585931
-1.697000	0.838087	0.402354
-1.677667	0.665582	0.532702
-1.658333	0.782375	0.440524
-1.639000	0.770540	0.449087
-1.619667	0.655120	0.541846
-1.600333	0.444351	0.763460
-1.581000	0.607661	0.585337
-1.561667	0.364156	0.869850
-1.542333	0.263852	1.024023
-1.523000	0.372407	0.858253
-1.503667	0.380775	0.846648
-1.484333	0.313550	0.944490
-1.465000	0.349368	0.891029
-1.445667	0.271804	1.010861
-1.426333	0.278535	0.999853
-1.407000	0.145699	1.241039
-1.387667	0.278097	1.000566
-1.368333	0.177762	1.177967
-1.349000	0.233781	1.075364
-1.329667	0.000000	1.572980
-1.310333	0.149052	1.234288
-1.291000	0.301033	0.963920
-1.271667	0.162360	1.207854
-1.252333	0.223963	1.092677
-1.233000	0.414337	0.801661
-1.213667	0.299243	0.966732
-1.194333	0.350430	0.889492
-1.175000	0.478855	0.721786
-1.155667	0.486796	0.712522
-1.136333	0.503482	0.693441
-1.117000	0.596791	0.595780
-1.097667	0.642368	0.553204
-1.078333	0.591148	0.601275
-1.059000	0.711634	0.494252
-1.039667	0.922012	0.351006
-1.020333	1.026513	0.296131
-1.001000	0.915062	0.354998
-0.981667	1.125447	0.252108
-0.962333	1.134401	0.248462
-0.943000	1.136447	0.247637
-0.923667	1.340692	0.177629
-0.904333	1.385591	0.165118
-0.885000	1.696072	0.099641
-0.865667	1.640108	0.109138
-0.846333	1.771935	0.088072
-0.827000	1.907476	0.070644
-0.807667	1.810350	0.082737
-0.788333	2.007050	0.060080
-0.769000	2.198578	0.043996
-0.749667	2.182067	0.045194
-0.730333	2.498628	0.027004
-0.711000	2.596658	0.023023
-0.691667	2.657156	0.020865
-0.672333	2.764175	0.017531
-0.653000	3.231361	0.008199
-0.633667	3.232782	0.008180
-0.614333	3.568500	0.004738
-0.595000	3.402622	0.006205
-0.575667	3.571916	0.004711
-0.556333	3.627856	0.004301
-0.537000	3.956018	0.002522
-0.517667	4.078404	0.002067
-0.498333	4.425840	0.001174
-0.479000	4.511177	0.001022
-0.459667	4.769045	0.000672
-0.440333	4.915586	0.000529
-0.421000	5.088620	0.000400
-0.401667	5.296600	0.000285
-0.382333	5.472321	0.000214
-0.363000	5.996640	0.000091
-0.343667	6.209515	0.000065
-0.324333	6.559581	0.000037
-0.305000	6.723343	0.000028
-0.285667	7.076971	0.000016
-0.266333	7.692743	0.000006
-0.247000	7.633600	0.000006
-0.227667	7.800951	0.000005
-0.208333	8.093656	0.000003
-0.189000	8.334697	0.000002
-0.169667	8.614750	0.000001
-0.150333	8.956945	0.000001
-0.131000	9.143854	0.000001
-0.111667	9.417482	0.000000
-0.092333	9.987779	0.000000
-0.073000	10.203486	0.000000
-0.053667	10.457143	0.000000
-0.034333	10.865255	0.000000
-0.015000	11.188569	0.000000
0.004333	11.356134	0.000000
0.023667	11.526718	0.000000
0.043000	11.932077	0.000000
0.062333	12.165128	0.000000
0.081667	12.419246	0.000000
0.101000	12.350861	0.000000
0.120333	12.471249	0.000000
0.139667	12.872898	0.000000
0.159000	12.926322	0.000000
0.178333	13.031212	0.000000
0.197667	13.265723	0.000000
0.217000	13.533383	0.000000
0.236333	13.363844	0.000000
0.255667	13.591057	0.000000
0.275000	13.547152	0.000000
0.294333	13.623956	0.000000
0.313667	13.970269	0.000000
0.333000	14.149403	0.000000
0.352333	14.030090	0.000000
0.371667	14.205424	0.000000
0.391000	14.109485	0.000000
0.410333	14.197122	0.000000
0.429667	14.310547	0.000000
0.449000	14.234560	0.000000
0.468333	14.341350	0.000000
0.487667	14.401311	0.000000
0.507000	14.805764	0.000000
0.526333	14.874210	0.000000
0.545667	14.922073	0.000000
0.565000	14.830288	0.000000
0.584333	15.167586	0.000000
0.603667	15.219735	0.000000
0.623000	15.202034	0.000000
0.642333	15.383870	0.000000
0.661667	15.385015	0.000000
0.681000	15.575499	0.000000
0.700333	15.721720	0.000000
0.719667	15.847430	0.000000
0.739000	16.193209	0.000000
0.758333	16.433591	0.000000
0.777667	16.612690	0.000000
0.797000	16.947903	0.000000
0.816333	17.076070	0.000000
0.835667	17.576313	0.000000
0.855000	17.535199	0.000000
0.874333	17.893328	0.000000
0.893667	18.084946	0.000000
0.913000	18.379524	0.000000
0.932333	18.440432	0.000000
0.951667	18.790179	0.000000
0.971000	19.003391	0.000000
0.990333	19.078558	0.000000

# Dumping simulation biases, in the metadata file order 
# Window  F (free energy units)
# 0	0.000000
# 1	-0.537086
# 2	-0.744110
# 3	-0.962882
# 4	-1.152538
# 5	-1.266321
# 6	-1.288210
# 7	-1.120341
# 8	-0.875884
# 9	-0.525029
# 10	-0.087863
# 11	0.428475
# 12	1.039573
# 13	1.817151
# 14	2.606292
# 15	3.601270
# 16	4.832719
# 17	6.292235
# 18	7.658874
# 19	9.202026
# 20	10.624292
# 21	11.569337
# 22	12.209025
# 23	12.666122
# 24	13.050204
# 25	13.593089
# 26	14.163853
# 27	15.089763
# 28	16.305282
# 29	17.573495
#Iteration 1310:  0.000275
#Iteration 1320:  0.000266
#Iteration 1330:  0.000256
#Iteration 1340:  0.000247
#Iteration 1350:  0.000238
#Iteration 1360:  0.000230
#Iteration 1370:  0.000222
#Iteration 1380:  0.000214
#Iteration 1390:  0.000206
#Iteration 1400:  0.000199
-1.890333	1.271013	0.197487
-1.871000	1.123280	0.251138
-1.851667	0.841361	0.397274
-1.832333	1.063598	0.276744
-1.813000	0.973104	0.320636
-1.793667	1.151166	0.240000
-1.774333	0.852180	0.390343
-1.755000	0.784751	0.435598
-1.735667	0.866581	0.381304
-1.716333	0.603017	0.585439
-1.697000	0.834167	0.401951
-1.677667	0.661774	0.532071
-1.658333	0.778697	0.439908
-1.639000	0.767013	0.448350
-1.619667	0.651750	0.540819
-1.600333	0.441137	0.761818
-1.581000	0.604605	0.583928
-1.561667	0.361271	0.867516
-1.542333	0.261155	1.020963
-1.523000	0.369907	0.855412
-1.503667	0.378475	0.843572
-1.484333	0.311457	0.940743
-1.465000	0.347502	0.887166
-1.445667	0.270188	1.006070
-1.426333	0.277177	0.994696
-1.407000	0.144595	1.234129
-1.387667	0.277245	0.994586
-1.368333	0.177176	1.170420
-1.349000	0.233482	1.067974
-1.329667	0.000000	1.561413
-1.310333	0.149351	1.224616
-1.291000	0.301639	0.955889
-1.271667	0.163293	1.197153
-1.252333	0.225240	1.082392
-1.233000	0.415956	0.793673
-1.213667	0.301195	0.956581
-1.194333	0.352722	0.879665
-1.175000	0.481513	0.713387
-1.155667	0.489842	0.703786
-1.136333	0.506917	0.684506
-1.117000	0.600603	0.587743
-1.097667	0.646561	0.545403
-1.078333	0.595744	0.592407
-1.059000	0.716651	0.486630
-1.039667	0.927442	0.345361
-1.020333	1.032344	0.291179
-1.001000	0.921299	0.348830
-0.981667	1.132117	0.247553
-0.962333	1.141523	0.243794
-0.943000	1.144016	0.242807
-0.923667	1.348697	0.174042
-0.904333	1.394042	0.161665
-0.885000	1.705003	0.097481
-0.865667	1.649536	0.106686
-0.846333	1.781847	0.086026
-0.827000	1.917847	0.068952
-0.807667	1.821178	0.080694
-0.788333	2.018357	0.058551
-0.769000	2.210379	0.042842
-0.749667	2.194356	0.043973
-0.730333	2.511398	0.026254
-0.711000	2.609924	0.022366
-0.691667	2.670940	0.020253
-0.672333	2.778477	0.017002
-0.653000	3.246152	0.007945
-0.633667	3.248037	0.007921
-0.614333	3.584232	0.004584
-0.595000	3.418863	0.005999
-0.575667	3.588687	0.004551
-0.556333	3.645149	0.004151
-0.537000	3.973823	0.002432
-0.517667	4.096730	0.001991
-0.498333	4.444704	0.001131
-0.479000	4.530574	0.000983
-0.459667	4.788950	0.000646
-0.440333	4.935985	0.000508
-0.421000	5.109521	0.000383
-0.401667	5.318014	0.000273
-0.382333	5.494243	0.000205
-0.363000	6.019068	0.000087
-0.343667	6.232469	0.000062
-0.324333	6.583079	0.000035
-0.305000	6.747375	0.000027
-0.285667	7.101492	0.000015
-0.266333	7.717718	0.000006
-0.247000	7.659033	0.000006
-0.227667	7.826877	0.000005
-0.208333	8.120102	0.000003
-0.189000	8.361654	0.000002
-0.169667	8.642196	0.000001
-0.150333	8.984873	0.000001
-0.131000	9.172270	0.000001
-0.111667	9.446376	0.000000
-0.092333	10.017124	0.000000
-0.073000	10.233262	0.000000
-0.053667	10.487371	0.000000
-0.034333	10.895981	0.000000
-0.015000	11.219820	0.000000
0.004333	11.387881	0.000000
0.023667	11.558894	0.000000
0.043000	11.964630	0.000000
0.062333	12.198057	0.000000
0.081667	12.452592	0.000000
0.101000	12.384671	0.000000
0.120333	12.505529	0.000000
0.139667	12.907608	0.000000
0.159000	12.961414	0.000000
0.178333	13.066672	0.000000
0.197667	13.301576	0.000000
0.217000	13.569662	0.000000
0.236333	13.400549	0.000000
0.255667	13.628153	0.000000
0.275000	13.584605	0.000000
0.294333	13.661761	0.000000
0.313667	14.008446	0.000000
0.333000	14.187970	0.000000
0.352333	14.069029	0.000000
0.371667	14.244696	0.000000
0.391000	14.149059	0.000000
0.410333	14.236993	0.000000
0.429667	14.350723	0.000000
0.449000	14.275040	0.000000
0.468333	14.382121	0.000000
0.487667	14.442360	0.000000
0.507000	14.847090	0.000000
0.526333	14.915815	0.000000
0.545667	14.963941	0.000000
0.565000	14.872392	0.000000
0.584333	15.209905	0.000000
0.603667	15.262264	0.000000
0.623000	15.244775	0.000000
0.642333	15.426819	0.000000
0.661667	15.428154	0.000000
0.681000	15.618812	0.000000
0.700333	15.765192	0.000000
0.719667	15.891048	0.000000
0.739000	16.236959	0.000000
0.758333	16.477460	0.000000
0.777667	16.656671	0.000000
0.797000	16.991988	0.000000
0.816333	17.120246	0.000000
0.835667	17.620565	0.000000
0.855000	17.579512	0.000000
0.874333	17.937696	0.000000
0.893667	18.129365	0.000000
0.913000	18.423988	0.000000
0.932333	18.484931	0.000000
0.951667	18.834703	0.000000
0.971000	19.047930	0.000000
0.990333	19.123106	0.000000

# Dumping simulation biases, in the metadata file order 
# Window  F (free energy units)
# 0	0.000000
# 1	-0.536912
# 2	-0.743503
# 3	-0.961501
# 4	-1.150240
# 5	-1.262785
# 6	-1.283330
# 7	-1.113856
# 8	-0.867546
# 9	-0.514711
# 10	-0.075411
# 11	0.443321
# 12	1.056669
# 13	1.836742
# 14	2.628357
# 15	3.625762
# 16	4.859407
# 17	6.321557
# 18	7.690704
# 19	9.236114
# 20	10.661232
# 21	11.608887
# 22	12.250852
# 23	12.709966
# 24	13.095491
# 25	13.639692
# 26	14.211429
# 27	15.137950
# 28	16.353949
# 29	17.622413
#Iteration 1410:  0.000192
#Iteration 1420:  0.000185
#Iteration 1430:  0.000179
#Iteration 1440:  0.000172
#Iteration 1450:  0.000166
#Iteration 1460:  0.000160
#Iteration 1470:  0.000155
#Iteration 1480:  0.000149
#Iteration 1490:  0.000144
#Iteration 1500:  0.000139
-1.890333	1.267869	0.197481
-1.871000	1.120149	0.251125
-1.851667	0.838248	0.397242
-1.832333	1.060510	0.276710
-1.813000	0.970045	0.320582
-1.793667	1.148142	0.239945
-1.774333	0.849197	0.390228
-1.755000	0.781820	0.435433
-1.735667	0.863712	0.381122
-1.716333	0.600214	0.585096
-1.697000	0.831434	0.401669
-1.677667	0.659119	0.531631
-1.658333	0.776133	0.439480
-1.639000	0.764553	0.447837
-1.619667	0.649400	0.540104
-1.600333	0.438896	0.760676
-1.581000	0.602475	0.582948
-1.561667	0.359259	0.865892
-1.542333	0.259275	1.018834
-1.523000	0.368165	0.853438
-1.503667	0.376872	0.841434
-1.484333	0.309998	0.938138
-1.465000	0.346201	0.884483
-1.445667	0.269061	1.002742
-1.426333	0.276230	0.991116
-1.407000	0.143825	1.229333
-1.387667	0.276650	0.990438
-1.368333	0.176768	1.165186
-1.349000	0.233275	1.062852
-1.329667	0.000000	1.553398
-1.310333	0.149560	1.217917
-1.291000	0.302062	0.950329
-1.271667	0.163944	1.189748
-1.252333	0.226130	1.075277
-1.233000	0.417085	0.788151
-1.213667	0.302556	0.949566
-1.194333	0.354320	0.872878
-1.175000	0.483366	0.707589
-1.155667	0.491967	0.697758
-1.136333	0.509312	0.678345
-1.117000	0.603260	0.582204
-1.097667	0.649484	0.540029
-1.078333	0.598949	0.586302
-1.059000	0.720149	0.481385
-1.039667	0.931228	0.341478
-1.020333	1.036409	0.287775
-1.001000	0.925647	0.344593
-0.981667	1.136768	0.244426
-0.962333	1.146489	0.240591
-0.943000	1.149293	0.239496
-0.923667	1.354277	0.171584
-0.904333	1.399935	0.159301
-0.885000	1.711230	0.096003
-0.865667	1.656110	0.105010
-0.846333	1.788758	0.084628
-0.827000	1.925078	0.067796
-0.807667	1.828728	0.079300
-0.788333	2.026241	0.057508
-0.769000	2.218607	0.042055
-0.749667	2.202924	0.043142
-0.730333	2.520301	0.025744
-0.711000	2.619172	0.021919
-0.691667	2.680550	0.019836
-0.672333	2.788448	0.016643
-0.653000	3.256464	0.007773
-0.633667	3.258673	0.007745
-0.614333	3.595199	0.004480
-0.595000	3.430187	0.005859
-0.575667	3.600380	0.004442
-0.556333	3.657207	0.004050
-0.537000	3.986237	0.002371
-0.517667	4.109508	0.001940
-0.498333	4.457856	0.001101
-0.479000	4.544097	0.000957
-0.459667	4.802828	0.000628
-0.440333	4.950208	0.000494
-0.421000	5.124094	0.000372
-0.401667	5.332943	0.000265
-0.382333	5.509527	0.000199
-0.363000	6.034706	0.000085
-0.343667	6.248472	0.000060
-0.324333	6.599463	0.000034
-0.305000	6.764130	0.000026
-0.285667	7.118588	0.000015
-0.266333	7.735129	0.000005
-0.247000	7.676764	0.000006
-0.227667	7.844952	0.000004
-0.208333	8.138539	0.000003
-0.189000	8.380449	0.000002
-0.169667	8.661332	0.000001
-0.150333	9.004345	0.000001
-0.131000	9.192082	0.000000
-0.111667	9.466521	0.000000
-0.092333	10.037582	0.000000
-0.073000	10.254021	0.000000
-0.053667	10.508445	0.000000
-0.034333	10.917403	0.000000
-0.015000	11.241608	0.000000
0.004333	11.410014	0.000000
0.023667	11.581327	0.000000
0.043000	11.987325	0.000000
0.062333	12.221013	0.000000
0.081667	12.475840	0.000000
0.101000	12.408243	0.000000
0.120333	12.529429	0.000000
0.139667	12.931808	0.000000
0.159000	12.985880	0.000000
0.178333	13.091394	0.000000
0.197667	13.326572	0.000000
0.217000	13.594955	0.000000
0.236333	13.426139	0.000000
0.255667	13.654016	0.000000
0.275000	13.610716	0.000000
0.294333	13.688117	0.000000
0.313667	14.035063	0.000000
0.333000	14.214859	0.000000
0.352333	14.096177	0.000000
0.371667	14.272076	0.000000
0.391000	14.176649	0.000000
0.410333	14.264790	0.000000
0.429667	14.378732	0.000000
0.449000	14.303262	0.000000
0.468333	14.410545	0.000000
0.487667	14.470978	0.000000
0.507000	14.875902	0.000000
0.526333	14.944821	0.000000
0.545667	14.993131	0.000000
0.565000	14.901745	0.000000
0.584333	15.239408	0.000000
0.603667	15.291913	0.000000
0.623000	15.274573	0.000000
0.642333	15.456762	0.000000
0.661667	15.458230	0.000000
0.681000	15.649008	0.000000
0.700333	15.795500	0.000000
0.719667	15.921458	0.000000
0.739000	16.267461	0.000000
0.758333	16.508044	0.000000
0.777667	16.687333	0.000000
0.797000	17.022723	0.000000
0.816333	17.151044	0.000000
0.835667	17.651415	0.000000
0.855000	17.610406	0.000000
0.874333	17.968628	0.000000
0.893667	18.160333	0.000000
0.913000	18.454987	0.000000
0.932333	18.515955	0.000000
0.951667	18.865743	0.000000
0.971000	19.078981	0.000000
0.990333	19.154163	0.000000

# Dumping simulation biases, in the metadata file order 
# Window  F (free energy units)
# 0	0.000000
# 1	-0.536791
# 2	-0.743079
# 3	-0.960538
# 4	-1.148637
# 5	-1.260320
# 6	-1.279929
# 7	-1.109335
# 8	-0.861733
# 9	-0.507517
# 10	-0.066731
# 11	0.453670
# 12	1.068588
# 13	1.850399
# 14	2.643739
# 15	3.642836
# 16	4.878013
# 17	6.341998
# 18	7.712894
# 19	9.259878
# 20	10.686985
# 21	11.636459
# 22	12.280012
# 23	12.740532
# 24	13.127063
# 25	13.672183
# 26	14.244598
# 27	15.171545
# 28	16.387879
# 29	17.656518
#Iteration 1510:  0.000134
#Iteration 1520:  0.000129
#Iteration 1530:  0.000125
#Iteration 1540:  0.000120
#Iteration 1550:  0.000116
#Iteration 1560:  0.000112
#Iteration 1570:  0.000108
#Iteration 1580:  0.000104
#Iteration 1590:  0.000100
#Iteration 1600:  0.000097
-1.890333	1.265676	0.197476
-1.871000	1.117965	0.251116
-1.851667	0.836077	0.397219
-1.832333	1.058357	0.276686
-1.813000	0.967912	0.320544
-1.793667	1.146033	0.239908
-1.774333	0.847118	0.390148
-1.755000	0.779777	0.435318
-1.735667	0.861712	0.380995
-1.716333	0.598260	0.584857
-1.697000	0.829528	0.401473
-1.677667	0.657267	0.531325
-1.658333	0.774346	0.439181
-1.639000	0.762838	0.447480
-1.619667	0.647762	0.539605
-1.600333	0.437333	0.759881
-1.581000	0.600989	0.582266
-1.561667	0.357857	0.864761
-1.542333	0.257964	1.017352
-1.523000	0.366950	0.852063
-1.503667	0.375754	0.839947
-1.484333	0.308981	0.936327
-1.465000	0.345294	0.882616
-1.445667	0.268275	1.000429
-1.426333	0.275570	0.988627
-1.407000	0.143288	1.226001
-1.387667	0.276236	0.987556
-1.368333	0.176483	1.161550
-1.349000	0.233130	1.059295
-1.329667	0.000000	1.547835
-1.310333	0.149705	1.213268
-1.291000	0.302356	0.946472
-1.271667	0.164398	1.184612
-1.252333	0.226751	1.070344
-1.233000	0.417872	0.784323
-1.213667	0.303504	0.944706
-1.194333	0.355434	0.868176
-1.175000	0.484659	0.703574
-1.155667	0.493448	0.693586
-1.136333	0.510982	0.674081
-1.117000	0.605113	0.578373
-1.097667	0.651523	0.536314
-1.078333	0.601183	0.582082
-1.059000	0.722588	0.477761
-1.039667	0.933868	0.338797
-1.020333	1.039243	0.285425
-1.001000	0.928679	0.341669
-0.981667	1.140011	0.242270
-0.962333	1.149952	0.238383
-0.943000	1.152973	0.237214
-0.923667	1.358169	0.169890
-0.904333	1.404044	0.157673
-0.885000	1.715572	0.094986
-0.865667	1.660694	0.103856
-0.846333	1.793576	0.083666
-0.827000	1.930120	0.067001
-0.807667	1.833992	0.078342
-0.788333	2.031737	0.056792
-0.769000	2.224343	0.041515
-0.749667	2.208897	0.042572
-0.730333	2.526508	0.025394
-0.711000	2.625621	0.021612
-0.691667	2.687251	0.019551
-0.672333	2.795401	0.016397
-0.653000	3.263653	0.007655
-0.633667	3.266089	0.007624
-0.614333	3.602846	0.004408
-0.595000	3.438081	0.005764
-0.575667	3.608533	0.004368
-0.556333	3.665613	0.003981
-0.537000	3.994893	0.002330
-0.517667	4.118416	0.001906
-0.498333	4.467026	0.001081
-0.479000	4.553526	0.000939
-0.459667	4.812503	0.000616
-0.440333	4.960124	0.000485
-0.421000	5.134254	0.000365
-0.401667	5.343352	0.000260
-0.382333	5.520182	0.000195
-0.363000	6.045608	0.000083
-0.343667	6.259630	0.000059
-0.324333	6.610885	0.000033
-0.305000	6.775811	0.000025
-0.285667	7.130507	0.000014
-0.266333	7.747269	0.000005
-0.247000	7.689126	0.000006
-0.227667	7.857554	0.000004
-0.208333	8.151394	0.000003
-0.189000	8.393552	0.000002
-0.169667	8.674673	0.000001
-0.150333	9.017920	0.000001
-0.131000	9.205894	0.000000
-0.111667	9.480566	0.000000
-0.092333	10.051845	0.000000
-0.073000	10.268494	0.000000
-0.053667	10.523138	0.000000
-0.034333	10.932339	0.000000
-0.015000	11.256798	0.000000
0.004333	11.425445	0.000000
0.023667	11.596966	0.000000
0.043000	12.003148	0.000000
0.062333	12.237019	0.000000
0.081667	12.492048	0.000000
0.101000	12.424677	0.000000
0.120333	12.546092	0.000000
0.139667	12.948679	0.000000
0.159000	13.002937	0.000000
0.178333	13.108630	0.000000
0.197667	13.343999	0.000000
0.217000	13.612588	0.000000
0.236333	13.443980	0.000000
0.255667	13.672047	0.000000
0.275000	13.628921	0.000000
0.294333	13.706492	0.000000
0.313667	14.053620	0.000000
0.333000	14.233605	0.000000
0.352333	14.115105	0.000000
0.371667	14.291165	0.000000
0.391000	14.195884	0.000000
0.410333	14.284169	0.000000
0.429667	14.398260	0.000000
0.449000	14.322938	0.000000
0.468333	14.430362	0.000000
0.487667	14.490930	0.000000
0.507000	14.895989	0.000000
0.526333	14.965043	0.000000
0.545667	15.013481	0.000000
0.565000	14.922210	0.000000
0.584333	15.259977	0.000000
0.603667	15.312584	0.000000
0.623000	15.295348	0.000000
0.642333	15.477637	0.000000
0.661667	15.479198	0.000000
0.681000	15.670060	0.000000
0.700333	15.816629	0.000000
0.719667	15.942659	0.000000
0.739000	16.288725	0.000000
0.758333	16.529367	0.000000
0.777667	16.708710	0.000000
0.797000	17.044150	0.000000
0.816333	17.172516	0.000000
0.835667	17.672923	0.000000
0.855000	17.631944	0.000000
0.874333	17.990193	0.000000
0.893667	18.181923	0.000000
0.913000	18.476598	0.000000
0.932333	18.537583	0.000000
0.951667	18.887383	0.000000
0.971000	19.100628	0.000000
0.990333	19.175815	0.000000

# Dumping simulation biases, in the metadata file order 
# Window  F (free energy units)
# 0	0.000000
# 1	-0.536707
# 2	-0.742784
# 3	-0.959867
# 4	-1.147521
# 5	-1.258601
# 6	-1.277557
# 7	-1.106183
# 8	-0.857680
# 9	-0.502503
# 10	-0.060679
# 11	0.460884
# 12	1.076897
# 13	1.859919
# 14	2.654463
# 15	3.654739
# 16	4.890984
# 17	6.356248
# 18	7.728364
# 19	9.276445
# 20	10.704938
# 21	11.655682
# 22	12.300342
# 23	12.761842
# 24	13.149075
# 25	13.694834
# 26	14.267722
# 27	15.194967
# 28	16.411534
# 29	17.680295
#Iteration 1610:  0.000093
#Iteration 1620:  0.000090
#Iteration 1630:  0.000087
#Iteration 1640:  0.000084
#Iteration 1650:  0.000081
#Iteration 1660:  0.000078
#Iteration 1670:  0.000075
#Iteration 1680:  0.000073
#Iteration 1690:  0.000070
#Iteration 1700:  0.000067
-1.890333	1.264147	0.197473
-1.871000	1.116443	0.251110
-1.851667	0.834564	0.397203
-1.832333	1.056855	0.276670
-1.813000	0.966425	0.320518
-1.793667	1.144562	0.239881
-1.774333	0.845668	0.390093
-1.755000	0.778353	0.435237
-1.735667	0.860317	0.380906
-1.716333	0.596897	0.584690
-1.697000	0.828200	0.401337
-1.677667	0.655977	0.531112
-1.658333	0.773099	0.438973
-1.639000	0.761643	0.447231
-1.619667	0.646619	0.539258
-1.600333	0.436244	0.759327
-1.581000	0.599953	0.581791
-1.561667	0.356879	0.863974
-1.542333	0.257050	1.016321
-1.523000	0.366103	0.851107
-1.503667	0.374974	0.838912
-1.484333	0.308271	0.935066
-1.465000	0.344661	0.881317
-1.445667	0.267727	0.998819
-1.426333	0.275109	0.986896
-1.407000	0.142913	1.223683
-1.387667	0.275947	0.985552
-1.368333	0.176284	1.159023
-1.349000	0.233029	1.056822
-1.329667	0.000000	1.543967
-1.310333	0.149807	1.210037
-1.291000	0.302562	0.943792
-1.271667	0.164714	1.181045
-1.252333	0.227184	1.066919
-1.233000	0.418421	0.781666
-1.213667	0.304166	0.941332
-1.194333	0.356211	0.864913
-1.175000	0.485560	0.700788
-1.155667	0.494480	0.690691
-1.136333	0.512146	0.671125
-1.117000	0.606405	0.575716
-1.097667	0.652944	0.533739
-1.078333	0.602741	0.579158
-1.059000	0.724288	0.475251
-1.039667	0.935709	0.336940
-1.020333	1.041219	0.283798
-1.001000	0.930793	0.339646
-0.981667	1.142271	0.240777
-0.962333	1.152366	0.236855
-0.943000	1.155538	0.235636
-0.923667	1.360881	0.168720
-0.904333	1.406909	0.156548
-0.885000	1.718599	0.094283
-0.865667	1.663889	0.103060
-0.846333	1.796936	0.083002
-0.827000	1.933635	0.066452
-0.807667	1.837662	0.077681
-0.788333	2.035569	0.056298
-0.769000	2.228343	0.041143
-0.749667	2.213062	0.042179
-0.730333	2.530836	0.025153
-0.711000	2.630116	0.021401
-0.691667	2.691923	0.019354
-0.672333	2.800248	0.016227
-0.653000	3.268666	0.007574
-0.633667	3.271259	0.007542
-0.614333	3.608177	0.004359
-0.595000	3.443586	0.005698
-0.575667	3.614217	0.004317
-0.556333	3.671474	0.003933
-0.537000	4.000927	0.002301
-0.517667	4.124627	0.001882
-0.498333	4.473419	0.001067
-0.479000	4.560100	0.000927
-0.459667	4.819249	0.000608
-0.440333	4.967037	0.000478
-0.421000	5.141337	0.000360
-0.401667	5.350609	0.000256
-0.382333	5.527612	0.000192
-0.363000	6.053209	0.000082
-0.343667	6.267409	0.000058
-0.324333	6.618849	0.000033
-0.305000	6.783956	0.000025
-0.285667	7.138817	0.000014
-0.266333	7.755732	0.000005
-0.247000	7.697745	0.000006
-0.227667	7.866340	0.000004
-0.208333	8.160356	0.000003
-0.189000	8.402688	0.000002
-0.169667	8.683974	0.000001
-0.150333	9.027385	0.000001
-0.131000	9.215524	0.000000
-0.111667	9.490358	0.000000
-0.092333	10.061789	0.000000
-0.073000	10.278585	0.000000
-0.053667	10.533382	0.000000
-0.034333	10.942751	0.000000
-0.015000	11.267389	0.000000
0.004333	11.436204	0.000000
0.023667	11.607870	0.000000
0.043000	12.014179	0.000000
0.062333	12.248177	0.000000
0.081667	12.503348	0.000000
0.101000	12.436134	0.000000
0.120333	12.557709	0.000000
0.139667	12.960441	0.000000
0.159000	13.014828	0.000000
0.178333	13.120647	0.000000
0.197667	13.356149	0.000000
0.217000	13.624882	0.000000
0.236333	13.456418	0.000000
0.255667	13.684618	0.000000
0.275000	13.641613	0.000000
0.294333	13.719303	0.000000
0.313667	14.066558	0.000000
0.333000	14.246674	0.000000
0.352333	14.128300	0.000000
0.371667	14.304473	0.000000
0.391000	14.209294	0.000000
0.410333	14.297680	0.000000
0.429667	14.411874	0.000000
0.449000	14.336656	0.000000
0.468333	14.444177	0.000000
0.487667	14.504840	0.000000
0.507000	14.909993	0.000000
0.526333	14.979142	0.000000
0.545667	15.027669	0.000000
0.565000	14.936477	0.000000
0.584333	15.274317	0.000000
0.603667	15.326996	0.000000
0.623000	15.309831	0.000000
0.642333	15.492190	0.000000
0.661667	15.493816	0.000000
0.681000	15.684737	0.000000
0.700333	15.831360	0.000000
0.719667	15.957439	0.000000
0.739000	16.303550	0.000000
0.758333	16.544232	0.000000
0.777667	16.723613	0.000000
0.797000	17.059089	0.000000
0.816333	17.187486	0.000000
0.835667	17.687918	0.000000
0.855000	17.646960	0.000000
0.874333	18.005228	0.000000
0.893667	18.196974	0.000000
0.913000	18.491665	0.000000
0.932333	18.552662	0.000000
0.951667	18.902471	0.000000
0.971000	19.115721	0.000000
0.990333	19.190910	0.000000

# Dumping simulation biases, in the metadata file order 
# Window  F (free energy units)
# 0	0.000000
# 1	-0.536648
# 2	-0.742578
# 3	-0.959399
# 4	-1.146742
# 5	-1.257403
# 6	-1.275904
# 7	-1.103986
# 8	-0.854855
# 9	-0.499007
# 10	-0.056461
# 11	0.465914
# 12	1.082689
# 13	1.866557
# 14	2.661939
# 15	3.663037
# 16	4.900027
# 17	6.366182
# 18	7.739149
# 19	9.287995
# 20	10.717455
# 21	11.669083
# 22	12.314515
# 23	12.776698
# 24	13.164421
# 25	13.710626
# 26	14.283844
# 27	15.211296
# 28	16.428025
# 29	17.696871
#Iteration 1710:  0.000065
#Iteration 1720:  0.000063
#Iteration 1730:  0.000061
#Iteration 1740:  0.000058
#Iteration 1750:  0.000056
#Iteration 1760:  0.000054
#Iteration 1770:  0.000052
#Iteration 1780:  0.000051
#Iteration 1790:  0.000049
# Dumping simulation biases, in the metadata file order 
# Window  F (free energy units)
# 0	0.000000
# 1	-0.536611
# 2	-0.742446
# 3	-0.959101
# 4	-1.146245
# 5	-1.256639
# 6	-1.274849
# 7	-1.102584
# 8	-0.853053
# 9	-0.496776
# 10	-0.053768
# 11	0.469124
# 12	1.086386
# 13	1.870793
# 14	2.666710
# 15	3.668333
# 16	4.905798
# 17	6.372523
# 18	7.746032
# 19	9.295367
# 20	10.725443
# 21	11.677636
# 22	12.323561
# 23	12.786180
# 24	13.174215
# 25	13.720705
# 26	14.294133
# 27	15.221717
# 28	16.438551
# 29	17.707451
# No MC error analysis requested
