# wham -1.9 1.0 150 0.0001 310 0 /Users/xv24323/Documents/github/AMBER_Molecular_Dynamics_Protocols/QMMM_MD/07_PMF_umbrella_sampling/PMF_integration/tmp/meta_chunk_06.dat /Users/xv24323/Documents/github/AMBER_Molecular_Dynamics_Protocols/QMMM_MD/07_PMF_umbrella_sampling/PMF_integration/tmp/PMF_chunk_06
#Number of windows = 30
#Iteration 10:  0.033872
#Iteration 20:  0.026401
#Iteration 30:  0.023382
#Iteration 40:  0.021618
#Iteration 50:  0.020456
#Iteration 60:  0.019631
#Iteration 70:  0.019093
#Iteration 80:  0.018778
#Iteration 90:  0.018609
#Iteration 100:  0.018535
-1.890333	2.062585	0.263949
-1.871000	1.999646	0.292407
-1.851667	1.926869	0.329159
-1.832333	2.113098	0.243127
-1.813000	2.038966	0.274289
-1.793667	1.948522	0.317766
-1.774333	1.957292	0.313265
-1.755000	1.851982	0.371803
-1.735667	1.891246	0.348798
-1.716333	1.745461	0.442152
-1.697000	1.806004	0.400680
-1.677667	1.660849	0.507400
-1.658333	1.768896	0.425613
-1.639000	1.524128	0.633789
-1.619667	1.438304	0.728752
-1.600333	1.389660	0.788764
-1.581000	1.315993	0.889189
-1.561667	1.228196	1.025705
-1.542333	1.286377	0.933077
-1.523000	1.281917	0.939872
-1.503667	1.031488	1.412533
-1.484333	1.053463	1.362928
-1.465000	1.028394	1.419660
-1.445667	0.842348	1.921442
-1.426333	0.888439	1.782639
-1.407000	0.769705	2.162469
-1.387667	0.681031	2.498035
-1.368333	0.710793	2.379970
-1.349000	0.659008	2.589154
-1.329667	0.398654	3.954581
-1.310333	0.488397	3.417401
-1.291000	0.676900	2.514881
-1.271667	0.388229	4.022220
-1.252333	0.442911	3.679869
-1.233000	0.461483	3.570352
-1.213667	0.331447	4.411458
-1.194333	0.350513	4.276737
-1.175000	0.225801	5.238679
-1.155667	0.338821	4.358859
-1.136333	0.283855	4.766574
-1.117000	0.223425	5.258975
-1.097667	0.062460	6.833193
-1.078333	0.106446	6.361322
-1.059000	0.197563	5.484944
-1.039667	0.128382	6.138318
-1.020333	0.162193	5.809808
-1.001000	0.175337	5.686892
-0.981667	0.151960	5.907332
-0.962333	0.180546	5.638911
-0.943000	0.166881	5.765671
-0.923667	0.000000	7.564011
-0.904333	0.152908	5.898224
-0.885000	0.203956	5.428203
-0.865667	0.273088	4.850803
-0.846333	0.362987	4.190820
-0.827000	0.296517	4.669397
-0.807667	0.621631	2.751473
-0.788333	0.537597	3.154539
-0.769000	0.590468	2.894558
-0.749667	0.396147	3.970741
-0.730333	0.567762	3.003478
-0.711000	0.608482	2.810966
-0.691667	0.432836	3.740679
-0.672333	0.645438	2.646947
-0.653000	0.520902	3.241388
-0.633667	0.583383	2.928114
-0.614333	0.561021	3.036596
-0.595000	0.609573	2.805978
-0.575667	0.828852	1.964095
-0.556333	0.870573	1.835210
-0.537000	1.069494	1.327844
-0.517667	1.041669	1.389331
-0.498333	1.164272	1.138113
-0.479000	1.152023	1.161019
-0.459667	1.517121	0.641054
-0.440333	1.553608	0.604111
-0.421000	1.463088	0.699955
-0.401667	1.717863	0.462455
-0.382333	1.776589	0.420319
-0.363000	1.848994	0.373615
-0.343667	1.734452	0.450142
-0.324333	1.977138	0.303312
-0.305000	2.014737	0.285316
-0.285667	2.249435	0.194765
-0.266333	2.499605	0.129647
-0.247000	2.866876	0.071332
-0.227667	3.491180	0.025835
-0.208333	3.600193	0.021637
-0.189000	3.719666	0.017815
-0.169667	3.637022	0.020378
-0.150333	3.696345	0.018504
-0.131000	3.776773	0.016234
-0.111667	4.172724	0.008525
-0.092333	4.256518	0.007439
-0.073000	4.586496	0.004349
-0.053667	4.586533	0.004348
-0.034333	4.956055	0.002384
-0.015000	5.034719	0.002097
0.004333	5.076628	0.001959
0.023667	5.237129	0.001509
0.043000	5.333619	0.001290
0.062333	5.326325	0.001305
0.081667	5.514441	0.000961
0.101000	5.620898	0.000808
0.120333	5.597291	0.000840
0.139667	5.698656	0.000712
0.159000	5.848236	0.000558
0.178333	5.828913	0.000576
0.197667	5.889681	0.000522
0.217000	5.987348	0.000445
0.236333	5.754203	0.000651
0.255667	5.798254	0.000606
0.275000	5.908724	0.000506
0.294333	5.872136	0.000537
0.313667	5.776841	0.000627
0.333000	5.794048	0.000610
0.352333	5.605933	0.000828
0.371667	5.525264	0.000944
0.391000	5.438291	0.001088
0.410333	5.430968	0.001101
0.429667	5.243970	0.001492
0.449000	5.334296	0.001288
0.468333	5.143392	0.001758
0.487667	5.318947	0.001321
0.507000	5.322866	0.001313
0.526333	5.245556	0.001488
0.545667	5.394012	0.001169
0.565000	5.230627	0.001525
0.584333	5.328353	0.001301
0.603667	5.625681	0.000802
0.623000	5.573126	0.000874
0.642333	5.678016	0.000737
0.661667	5.676689	0.000738
0.681000	5.883224	0.000527
0.700333	6.068105	0.000390
0.719667	6.269041	0.000282
0.739000	6.311383	0.000263
0.758333	6.865505	0.000107
0.777667	6.939086	0.000095
0.797000	7.122861	0.000070
0.816333	7.431327	0.000043
0.835667	7.358471	0.000048
0.855000	7.821275	0.000023
0.874333	7.802177	0.000023
0.893667	8.433099	0.000008
0.913000	8.368377	0.000009
0.932333	8.180812	0.000013
0.951667	8.356894	0.000009
0.971000	8.366588	0.000009
0.990333	8.146680	0.000013

# Dumping simulation biases, in the metadata file order 
# Window  F (free energy units)
# 0	0.000000
# 1	-0.471160
# 2	-0.717089
# 3	-1.053798
# 4	-1.372222
# 5	-1.697487
# 6	-1.932289
# 7	-2.100352
# 8	-2.250135
# 9	-2.286685
# 10	-2.239430
# 11	-2.010133
# 12	-1.897838
# 13	-1.747468
# 14	-1.332851
# 15	-0.840978
# 16	-0.337456
# 17	0.627570
# 18	1.609663
# 19	2.459265
# 20	3.055583
# 21	3.364319
# 22	3.306315
# 23	2.990423
# 24	2.864526
# 25	3.039257
# 26	3.536830
# 27	4.423910
# 28	5.439170
# 29	6.226967
#Iteration 110:  0.018504
#Iteration 120:  0.018439
#Iteration 130:  0.018272
#Iteration 140:  0.018023
#Iteration 150:  0.017712
#Iteration 160:  0.017354
#Iteration 170:  0.016962
#Iteration 180:  0.016545
#Iteration 190:  0.016112
#Iteration 200:  0.015667
-1.890333	1.669806	0.263578
-1.871000	1.607419	0.291733
-1.851667	1.535390	0.328001
-1.832333	1.722527	0.241914
-1.813000	1.649436	0.272459
-1.793667	1.560220	0.315016
-1.774333	1.570536	0.309773
-1.755000	1.467183	0.366491
-1.735667	1.508746	0.342530
-1.716333	1.365419	0.432475
-1.697000	1.428490	0.390302
-1.677667	1.286080	0.492056
-1.658333	1.397350	0.410583
-1.639000	1.156384	0.607638
-1.619667	1.074761	0.693925
-1.600333	1.030489	0.745746
-1.581000	0.961424	0.834423
-1.561667	0.878777	0.954502
-1.542333	0.942830	0.860048
-1.523000	0.944720	0.857408
-1.503667	0.700726	1.275179
-1.484333	0.729224	1.217410
-1.465000	0.711226	1.253582
-1.445667	0.533186	1.674709
-1.426333	0.588045	1.531724
-1.407000	0.478325	1.831046
-1.387667	0.398778	2.084007
-1.368333	0.438249	1.954397
-1.349000	0.397189	2.089404
-1.329667	0.148353	3.132035
-1.310333	0.249849	2.655333
-1.291000	0.450337	1.916341
-1.271667	0.174592	3.001155
-1.252333	0.243651	2.682243
-1.233000	0.277556	2.538305
-1.213667	0.162836	3.059102
-1.194333	0.197045	2.893511
-1.175000	0.088246	3.453761
-1.155667	0.218841	2.792712
-1.136333	0.182831	2.961201
-1.117000	0.141676	3.166241
-1.097667	0.000000	3.986933
-1.078333	0.064175	3.591690
-1.059000	0.177149	2.988697
-1.039667	0.130895	3.222263
-1.020333	0.187459	2.938988
-1.001000	0.223095	2.773452
-0.981667	0.223274	2.772646
-0.962333	0.277553	2.538318
-0.943000	0.291193	2.482614
-0.923667	0.152027	3.113371
-0.904333	0.333067	2.319127
-0.885000	0.413757	2.033838
-0.865667	0.514172	1.727319
-0.846333	0.635353	1.418265
-0.827000	0.598780	1.505208
-0.807667	0.953413	0.845368
-0.788333	0.901190	0.920326
-0.769000	0.989686	0.796927
-0.749667	0.833271	1.027843
-0.730333	1.042016	0.731893
-0.711000	1.117986	0.646806
-0.691667	0.977520	0.812856
-0.672333	1.227465	0.541285
-0.653000	1.142481	0.621539
-0.633667	1.245120	0.525960
-0.614333	1.262991	0.510889
-0.595000	1.352978	0.441317
-0.575667	1.615298	0.288018
-0.556333	1.700129	0.250891
-0.537000	1.941012	0.169551
-0.517667	1.955376	0.165635
-0.498333	2.122857	0.126132
-0.479000	2.158260	0.119073
-0.459667	2.570815	0.060861
-0.440333	2.652076	0.053325
-0.421000	2.604784	0.057589
-0.401667	2.904660	0.035357
-0.382333	3.012186	0.029683
-0.363000	3.135510	0.024287
-0.343667	3.071373	0.026958
-0.324333	3.363164	0.016770
-0.305000	3.448975	0.014585
-0.285667	3.730940	0.009219
-0.266333	4.028038	0.005686
-0.247000	4.444776	0.002887
-0.227667	5.124361	0.000956
-0.208333	5.294032	0.000725
-0.189000	5.474340	0.000541
-0.169667	5.447355	0.000565
-0.150333	5.556681	0.000473
-0.131000	5.685386	0.000384
-0.111667	6.131585	0.000186
-0.092333	6.267217	0.000149
-0.073000	6.647106	0.000080
-0.053667	6.693245	0.000074
-0.034333	7.107550	0.000038
-0.015000	7.234283	0.000031
0.004333	7.329653	0.000026
0.023667	7.545965	0.000019
0.043000	7.695116	0.000015
0.062333	7.734951	0.000014
0.081667	7.967443	0.000009
0.101000	8.120345	0.000007
0.120333	8.147393	0.000007
0.139667	8.300751	0.000005
0.159000	8.498625	0.000004
0.178333	8.521963	0.000004
0.197667	8.622655	0.000003
0.217000	8.762385	0.000003
0.236333	8.575961	0.000003
0.255667	8.669053	0.000003
0.275000	8.825776	0.000002
0.294333	8.829865	0.000002
0.313667	8.771496	0.000003
0.333000	8.826045	0.000002
0.352333	8.678277	0.000003
0.371667	8.639734	0.000003
0.391000	8.593349	0.000003
0.410333	8.623472	0.000003
0.429667	8.471936	0.000004
0.449000	8.597194	0.000003
0.468333	8.440355	0.000004
0.487667	8.648015	0.000003
0.507000	8.682256	0.000003
0.526333	8.634576	0.000003
0.545667	8.812086	0.000002
0.565000	8.676120	0.000003
0.584333	8.799104	0.000002
0.603667	9.120242	0.000001
0.623000	9.090667	0.000002
0.642333	9.217235	0.000001
0.661667	9.235575	0.000001
0.681000	9.459855	0.000001
0.700333	9.660984	0.000001
0.719667	9.876572	0.000000
0.739000	9.931641	0.000000
0.758333	10.496805	0.000000
0.777667	10.580437	0.000000
0.797000	10.773587	0.000000
0.816333	11.090301	0.000000
0.835667	11.023923	0.000000
0.855000	11.491295	0.000000
0.874333	11.475262	0.000000
0.893667	12.108367	0.000000
0.913000	12.045538	0.000000
0.932333	11.860045	0.000000
0.951667	12.038625	0.000000
0.971000	12.051160	0.000000
0.990333	11.834037	0.000000

# Dumping simulation biases, in the metadata file order 
# Window  F (free energy units)
# 0	0.000000
# 1	-0.466677
# 2	-0.700195
# 3	-1.016172
# 4	-1.303116
# 5	-1.585503
# 6	-1.765791
# 7	-1.858920
# 8	-1.917932
# 9	-1.846119
# 10	-1.674287
# 11	-1.293878
# 12	-0.989429
# 13	-0.660508
# 14	-0.051662
# 15	0.675224
# 16	1.404897
# 17	2.557494
# 18	3.862194
# 19	4.974920
# 20	5.872141
# 21	6.462539
# 22	6.672371
# 23	6.568149
# 24	6.592119
# 25	6.891583
# 26	7.483760
# 27	8.434634
# 28	9.494903
# 29	10.300451
#Iteration 210:  0.015216
#Iteration 220:  0.014763
#Iteration 230:  0.014310
#Iteration 240:  0.013860
#Iteration 250:  0.013415
#Iteration 260:  0.012977
#Iteration 270:  0.012547
#Iteration 280:  0.012125
#Iteration 290:  0.011712
#Iteration 300:  0.011310
-1.890333	1.311735	0.262901
-1.871000	1.250353	0.290509
-1.851667	1.179682	0.325903
-1.832333	1.368461	0.239726
-1.813000	1.297244	0.269172
-1.793667	1.210228	0.310104
-1.774333	1.223297	0.303581
-1.755000	1.123399	0.357152
-1.735667	1.168988	0.331622
-1.716333	1.029922	0.415810
-1.697000	1.097336	0.372620
-1.677667	0.959600	0.466206
-1.658333	1.076298	0.385594
-1.639000	0.841652	0.564819
-1.619667	0.766910	0.637845
-1.600333	0.729695	0.677653
-1.581000	0.667956	0.749250
-1.561667	0.593387	0.845883
-1.542333	0.666488	0.751041
-1.523000	0.677973	0.737140
-1.503667	0.443534	1.079401
-1.484333	0.481586	1.014609
-1.465000	0.473806	1.027531
-1.445667	0.307128	1.347579
-1.426333	0.374153	1.208372
-1.407000	0.276672	1.416027
-1.387667	0.209316	1.580006
-1.368333	0.261559	1.451273
-1.349000	0.234329	1.517007
-1.329667	0.000000	2.220969
-1.310333	0.116000	1.839024
-1.291000	0.331090	1.296059
-1.271667	0.070893	1.979048
-1.252333	0.156863	1.720750
-1.233000	0.208299	1.582625
-1.213667	0.110691	1.854976
-1.194333	0.161652	1.707395
-1.175000	0.070351	1.980793
-1.155667	0.219939	1.552938
-1.136333	0.203839	1.594148
-1.117000	0.182420	1.650673
-1.097667	0.060235	2.013660
-1.078333	0.144618	1.755371
-1.059000	0.279019	1.410631
-1.039667	0.254594	1.467811
-1.020333	0.332380	1.293342
-1.001000	0.388948	1.179635
-0.981667	0.411075	1.137929
-0.962333	0.488913	1.002586
-0.943000	0.526880	0.942535
-0.923667	0.411847	1.136500
-0.904333	0.617135	0.813827
-0.885000	0.723028	0.685044
-0.865667	0.849288	0.557846
-0.846333	0.995587	0.439697
-0.827000	0.982956	0.448825
-0.807667	1.361821	0.242329
-0.788333	1.336079	0.252693
-0.769000	1.453499	0.208754
-0.749667	1.326413	0.256698
-0.730333	1.562857	0.174732
-0.711000	1.665098	0.147958
-0.691667	1.551348	0.178034
-0.672333	1.829641	0.113211
-0.653000	1.773948	0.123947
-0.633667	1.905626	0.100047
-0.614333	1.952382	0.092719
-0.595000	2.071931	0.076332
-0.575667	2.364286	0.047441
-0.556333	2.478501	0.039397
-0.537000	2.748020	0.025412
-0.517667	2.791739	0.023668
-0.498333	2.990385	0.017132
-0.479000	3.057713	0.015355
-0.459667	3.500836	0.007468
-0.440333	3.610848	0.006244
-0.421000	3.592323	0.006435
-0.401667	3.922985	0.003758
-0.382333	4.063219	0.002991
-0.363000	4.219267	0.002321
-0.343667	4.186550	0.002447
-0.324333	4.508720	0.001449
-0.305000	4.624461	0.001200
-0.285667	4.936179	0.000723
-0.266333	5.263828	0.000424
-0.247000	5.713713	0.000204
-0.227667	6.429597	0.000064
-0.208333	6.636342	0.000045
-0.189000	6.850907	0.000032
-0.169667	6.854031	0.000032
-0.150333	6.991198	0.000026
-0.131000	7.148357	0.000020
-0.111667	7.624684	0.000009
-0.092333	7.790562	0.000007
-0.073000	8.198849	0.000004
-0.053667	8.271802	0.000003
-0.034333	8.713760	0.000002
-0.015000	8.871078	0.000001
0.004333	8.999309	0.000001
0.023667	9.247627	0.000001
0.043000	9.425448	0.000000
0.062333	9.491180	0.000000
0.081667	9.749555	0.000000
0.101000	9.930596	0.000000
0.120333	9.987596	0.000000
0.139667	10.169924	0.000000
0.159000	10.393572	0.000000
0.178333	10.440057	0.000000
0.197667	10.563934	0.000000
0.217000	10.729257	0.000000
0.236333	10.570746	0.000000
0.255667	10.691441	0.000000
0.275000	10.872847	0.000000
0.294333	10.898557	0.000000
0.313667	10.860868	0.000000
0.333000	10.937455	0.000000
0.352333	10.813554	0.000000
0.371667	10.799057	0.000000
0.391000	10.775040	0.000000
0.410333	10.825679	0.000000
0.429667	10.693893	0.000000
0.449000	10.838749	0.000000
0.468333	10.700858	0.000000
0.487667	10.926280	0.000000
0.507000	10.977437	0.000000
0.526333	10.946412	0.000000
0.545667	11.140143	0.000000
0.565000	11.019307	0.000000
0.584333	11.156224	0.000000
0.603667	11.490606	0.000000
0.623000	11.473833	0.000000
0.642333	11.612384	0.000000
0.661667	11.641530	0.000000
0.681000	11.875581	0.000000
0.700333	12.085686	0.000000
0.719667	12.309349	0.000000
0.739000	12.371413	0.000000
0.758333	12.942669	0.000000
0.777667	13.031886	0.000000
0.797000	13.230249	0.000000
0.816333	13.551518	0.000000
0.835667	13.488682	0.000000
0.855000	13.958531	0.000000
0.874333	13.944156	0.000000
0.893667	14.578452	0.000000
0.913000	14.516673	0.000000
0.932333	14.332342	0.000000
0.951667	14.512331	0.000000
0.971000	14.526464	0.000000
0.990333	14.310900	0.000000

# Dumping simulation biases, in the metadata file order 
# Window  F (free energy units)
# 0	0.000000
# 1	-0.458790
# 2	-0.671223
# 3	-0.953951
# 4	-1.194325
# 5	-1.418440
# 6	-1.531381
# 7	-1.540127
# 8	-1.505153
# 9	-1.331259
# 10	-1.048988
# 11	-0.547302
# 12	-0.093578
# 13	0.367411
# 14	1.108940
# 15	1.990842
# 16	2.871192
# 17	4.138351
# 18	5.635032
# 19	6.903286
# 20	7.977978
# 21	8.730761
# 22	9.095233
# 23	9.115099
# 24	9.225007
# 25	9.595624
# 26	10.241677
# 27	11.228660
# 28	12.314311
# 29	13.129843
#Iteration 310:  0.010917
#Iteration 320:  0.010536
#Iteration 330:  0.010165
#Iteration 340:  0.009805
#Iteration 350:  0.009456
#Iteration 360:  0.009117
#Iteration 370:  0.008790
#Iteration 380:  0.008473
#Iteration 390:  0.008166
#Iteration 400:  0.007869
-1.890333	1.145554	0.262357
-1.871000	1.084979	0.289527
-1.851667	1.015399	0.324226
-1.832333	1.205498	0.237981
-1.813000	1.135788	0.266558
-1.793667	1.050548	0.306207
-1.774333	1.065841	0.298683
-1.755000	0.968727	0.349802
-1.735667	1.017544	0.323096
-1.716333	0.881885	0.402880
-1.697000	0.952778	0.358996
-1.677667	0.818808	0.446417
-1.658333	0.939885	0.366605
-1.639000	0.710315	0.532589
-1.619667	0.641065	0.596098
-1.600333	0.609473	0.627535
-1.581000	0.553594	0.687253
-1.561667	0.485498	0.767762
-1.542333	0.565812	0.673728
-1.523000	0.584876	0.653154
-1.503667	0.357958	0.944788
-1.484333	0.403574	0.877216
-1.465000	0.403935	0.876701
-1.445667	0.246279	1.133018
-1.426333	0.322865	1.000295
-1.407000	0.234940	1.154112
-1.387667	0.177130	1.267918
-1.368333	0.239428	1.145716
-1.349000	0.223051	1.176651
-1.329667	0.000000	1.691354
-1.310333	0.127233	1.375129
-1.291000	0.353704	0.951349
-1.271667	0.105685	1.424188
-1.252333	0.204793	1.212123
-1.233000	0.269639	1.090768
-1.213667	0.185030	1.251727
-1.194333	0.248824	1.128336
-1.175000	0.171068	1.280483
-1.155667	0.335290	0.980280
-1.136333	0.334295	0.981867
-1.117000	0.327706	0.992449
-1.097667	0.220229	1.182065
-1.078333	0.319949	1.005052
-1.059000	0.470485	0.786744
-1.039667	0.462258	0.797344
-1.020333	0.555734	0.684864
-1.001000	0.627974	0.608929
-0.981667	0.666701	0.571749
-0.962333	0.762222	0.489463
-0.943000	0.818150	0.446895
-0.923667	0.720802	0.523579
-0.904333	0.943914	0.364211
-0.885000	1.068270	0.297505
-0.865667	1.213177	0.235026
-0.846333	1.377411	0.179922
-0.827000	1.382100	0.178555
-0.807667	1.778967	0.093623
-0.788333	1.773022	0.094533
-0.769000	1.911560	0.075458
-0.749667	1.805194	0.089712
-0.730333	2.060930	0.059180
-0.711000	2.181742	0.048620
-0.691667	2.087245	0.056700
-0.672333	2.385924	0.034879
-0.653000	2.350943	0.036921
-0.633667	2.502949	0.028833
-0.614333	2.569967	0.025854
-0.595000	2.710214	0.020580
-0.575667	3.023334	0.012366
-0.556333	3.157709	0.009938
-0.537000	3.447084	0.006206
-0.517667	3.511434	0.005590
-0.498333	3.731801	0.003906
-0.479000	3.820807	0.003379
-0.459667	4.284347	0.001590
-0.440333	4.413826	0.001288
-0.421000	4.415330	0.001285
-0.401667	4.767547	0.000724
-0.382333	4.930177	0.000556
-0.363000	5.108039	0.000416
-0.343667	5.096051	0.000424
-0.324333	5.438368	0.000243
-0.305000	5.574122	0.000195
-0.285667	5.905981	0.000114
-0.266333	6.254647	0.000064
-0.247000	6.727322	0.000030
-0.227667	7.467348	0.000009
-0.208333	7.697513	0.000006
-0.189000	7.932895	0.000004
-0.169667	7.954373	0.000004
-0.150333	8.109232	0.000003
-0.131000	8.285092	0.000002
-0.111667	8.781175	0.000001
-0.092333	8.966486	0.000001
-0.073000	9.392919	0.000000
-0.053667	9.483457	0.000000
-0.034333	9.944117	0.000000
-0.015000	10.122059	0.000000
0.004333	10.271653	0.000000
0.023667	10.539916	0.000000
0.043000	10.735326	0.000000
0.062333	10.817360	0.000000
0.081667	11.092662	0.000000
0.101000	11.292222	0.000000
0.120333	11.368388	0.000000
0.139667	11.568604	0.000000
0.159000	11.807982	0.000000
0.178333	11.869000	0.000000
0.197667	12.008050	0.000000
0.217000	12.190293	0.000000
0.236333	12.049756	0.000000
0.255667	12.187547	0.000000
0.275000	12.383901	0.000000
0.294333	12.422896	0.000000
0.313667	12.398406	0.000000
0.333000	12.489354	0.000000
0.352333	12.380828	0.000000
0.371667	12.381418	0.000000
0.391000	12.371191	0.000000
0.410333	12.434516	0.000000
0.429667	12.315080	0.000000
0.449000	12.472212	0.000000
0.468333	12.346114	0.000000
0.487667	12.582566	0.000000
0.507000	12.644287	0.000000
0.526333	12.623688	0.000000
0.545667	12.827510	0.000000
0.565000	12.716024	0.000000
0.584333	12.861560	0.000000
0.603667	13.204175	0.000000
0.623000	13.195355	0.000000
0.642333	13.341310	0.000000
0.661667	13.377111	0.000000
0.681000	13.617191	0.000000
0.700333	13.832841	0.000000
0.719667	14.061484	0.000000
0.739000	14.127856	0.000000
0.758333	14.702870	0.000000
0.777667	14.795547	0.000000
0.797000	14.997139	0.000000
0.816333	15.321216	0.000000
0.835667	15.260550	0.000000
0.855000	15.731911	0.000000
0.874333	15.718547	0.000000
0.893667	16.353572	0.000000
0.913000	16.292441	0.000000
0.932333	16.108834	0.000000
0.951667	16.289702	0.000000
0.971000	16.304831	0.000000
0.990333	16.090235	0.000000

# Dumping simulation biases, in the metadata file order 
# Window  F (free energy units)
# 0	0.000000
# 1	-0.452513
# 2	-0.648210
# 3	-0.904625
# 4	-1.108489
# 5	-1.287172
# 6	-1.348189
# 7	-1.292651
# 8	-1.186630
# 9	-0.937087
# 10	-0.573090
# 11	0.015302
# 12	0.576260
# 13	1.131392
# 14	1.964259
# 15	2.951794
# 16	3.936102
# 17	5.279477
# 18	6.899001
# 19	8.268860
# 20	9.458526
# 21	10.315350
# 22	10.778799
# 23	10.878565
# 24	11.043054
# 25	11.458589
# 26	12.138565
# 27	13.148182
# 28	14.249688
# 29	15.071444
#Iteration 410:  0.007583
#Iteration 420:  0.007306
#Iteration 430:  0.007039
#Iteration 440:  0.006781
#Iteration 450:  0.006532
#Iteration 460:  0.006292
#Iteration 470:  0.006060
#Iteration 480:  0.005837
#Iteration 490:  0.005622
#Iteration 500:  0.005414
-1.890333	1.026330	0.261966
-1.871000	0.966336	0.288822
-1.851667	0.897539	0.323025
-1.832333	1.088585	0.236734
-1.813000	1.019961	0.264694
-1.793667	0.936004	0.303431
-1.774333	0.952904	0.295203
-1.755000	0.857797	0.344599
-1.735667	0.908934	0.317092
-1.716333	0.775718	0.393825
-1.697000	0.849113	0.349502
-1.677667	0.717862	0.432692
-1.658333	0.842107	0.353508
-1.639000	0.616195	0.510514
-1.619667	0.550889	0.567737
-1.600333	0.523331	0.593768
-1.581000	0.471673	0.645823
-1.561667	0.408249	0.716017
-1.542333	0.493747	0.623043
-1.523000	0.518227	0.598719
-1.503667	0.296676	0.858519
-1.484333	0.347719	0.790110
-1.465000	0.353953	0.782138
-1.445667	0.202787	1.000191
-1.426333	0.286205	0.873269
-1.407000	0.205082	0.996464
-1.387667	0.154096	1.082639
-1.368333	0.223617	0.966868
-1.349000	0.215017	0.980489
-1.329667	0.000000	1.391086
-1.310333	0.135228	1.116387
-1.291000	0.369851	0.762169
-1.271667	0.130586	1.124849
-1.252333	0.239076	0.942856
-1.233000	0.313401	0.835476
-1.213667	0.237958	0.944571
-1.194333	0.310884	0.838903
-1.175000	0.242839	0.937101
-1.155667	0.417505	0.705316
-1.136333	0.427176	0.694306
-1.117000	0.431015	0.689983
-1.097667	0.333942	0.808018
-1.078333	0.444557	0.674950
-1.059000	0.606486	0.518641
-1.039667	0.609597	0.516023
-1.020333	0.714071	0.435369
-1.001000	0.797422	0.380163
-0.981667	0.847991	0.350140
-0.962333	0.956035	0.293703
-0.943000	1.024548	0.262726
-0.923667	0.939565	0.301679
-0.904333	1.175186	0.205625
-0.885000	1.312469	0.164469
-0.865667	1.470305	0.127225
-0.846333	1.646945	0.095450
-0.827000	1.663788	0.092870
-0.807667	2.073510	0.047687
-0.788333	2.081685	0.047057
-0.769000	2.234984	0.036671
-0.749667	2.142803	0.042604
-0.730333	2.411710	0.027508
-0.711000	2.545402	0.022131
-0.691667	2.464427	0.025247
-0.672333	2.777359	0.015175
-0.653000	2.756692	0.015694
-0.633667	2.922694	0.011980
-0.614333	3.003711	0.010501
-0.595000	3.158239	0.008166
-0.575667	3.485578	0.004795
-0.556333	3.633740	0.003768
-0.537000	3.936841	0.002301
-0.517667	4.015553	0.002025
-0.498333	4.250899	0.001381
-0.479000	4.354601	0.001166
-0.459667	4.831915	0.000537
-0.440333	4.974731	0.000425
-0.421000	4.990198	0.000415
-0.401667	5.357406	0.000228
-0.382333	5.535332	0.000171
-0.363000	5.727865	0.000125
-0.343667	5.729801	0.000125
-0.324333	6.085750	0.000070
-0.305000	6.235147	0.000055
-0.285667	6.580846	0.000031
-0.266333	6.944053	0.000017
-0.247000	7.432368	0.000008
-0.227667	8.188522	0.000002
-0.208333	8.433835	0.000002
-0.189000	8.682474	0.000001
-0.169667	8.715825	0.000001
-0.150333	8.882515	0.000001
-0.131000	9.071098	0.000001
-0.111667	9.580527	0.000000
-0.092333	9.778792	0.000000
-0.073000	10.217344	0.000000
-0.053667	10.319871	0.000000
-0.034333	10.793475	0.000000
-0.015000	10.985548	0.000000
0.004333	11.149381	0.000000
0.023667	11.430620	0.000000
0.043000	11.637460	0.000000
0.062333	11.730346	0.000000
0.081667	12.017172	0.000000
0.101000	12.229305	0.000000
0.120333	12.318200	0.000000
0.139667	12.530058	0.000000
0.159000	12.779673	0.000000
0.178333	12.850384	0.000000
0.197667	12.999801	0.000000
0.217000	13.193598	0.000000
0.236333	13.065073	0.000000
0.255667	13.214015	0.000000
0.275000	13.420035	0.000000
0.294333	13.467759	0.000000
0.313667	13.452163	0.000000
0.333000	13.552872	0.000000
0.352333	13.454674	0.000000
0.371667	13.465221	0.000000
0.391000	13.464017	0.000000
0.410333	13.535681	0.000000
0.429667	13.424430	0.000000
0.449000	13.589698	0.000000
0.468333	13.471381	0.000000
0.487667	13.715109	0.000000
0.507000	13.783827	0.000000
0.526333	13.770139	0.000000
0.545667	13.980623	0.000000
0.565000	13.875287	0.000000
0.584333	14.026498	0.000000
0.603667	14.374553	0.000000
0.623000	14.370985	0.000000
0.642333	14.521811	0.000000
0.661667	14.561985	0.000000
0.681000	14.806031	0.000000
0.700333	15.025333	0.000000
0.719667	15.257252	0.000000
0.739000	15.326454	0.000000
0.758333	15.903943	0.000000
0.777667	15.998903	0.000000
0.797000	16.202626	0.000000
0.816333	16.528551	0.000000
0.835667	16.469308	0.000000
0.855000	16.941656	0.000000
0.874333	16.928953	0.000000
0.893667	17.564455	0.000000
0.913000	17.503752	0.000000
0.932333	17.320625	0.000000
0.951667	17.502076	0.000000
0.971000	17.517865	0.000000
0.990333	17.303908	0.000000

# Dumping simulation biases, in the metadata file order 
# Window  F (free energy units)
# 0	0.000000
# 1	-0.448029
# 2	-0.631782
# 3	-0.869413
# 4	-1.047316
# 5	-1.193691
# 6	-1.217905
# 7	-1.116984
# 8	-0.960809
# 9	-0.658288
# 10	-0.236803
# 11	0.411512
# 12	1.047125
# 13	1.667895
# 14	2.563295
# 15	3.622959
# 16	4.679036
# 17	6.074256
# 18	7.774738
# 19	9.213238
# 20	10.480131
# 21	11.406621
# 22	11.936418
# 23	12.090013
# 24	12.291016
# 25	12.736498
# 26	13.439070
# 27	14.463730
# 28	15.575754
# 29	16.401634
#Iteration 510:  0.005214
#Iteration 520:  0.005021
#Iteration 530:  0.004835
#Iteration 540:  0.004656
#Iteration 550:  0.004483
#Iteration 560:  0.004317
#Iteration 570:  0.004157
#Iteration 580:  0.004003
#Iteration 590:  0.003854
#Iteration 600:  0.003711
-1.890333	0.943287	0.261693
-1.871000	0.883698	0.288332
-1.851667	0.815447	0.322191
-1.832333	1.007153	0.235869
-1.813000	0.939285	0.263403
-1.793667	0.856224	0.301511
-1.774333	0.874247	0.292799
-1.755000	0.780541	0.341016
-1.735667	0.833292	0.312972
-1.716333	0.701776	0.387634
-1.697000	0.776914	0.343034
-1.677667	0.647564	0.423373
-1.658333	0.774026	0.344649
-1.639000	0.550668	0.495657
-1.619667	0.488106	0.548759
-1.600333	0.463358	0.571303
-1.581000	0.414647	0.618417
-1.561667	0.354487	0.682000
-1.542333	0.443598	0.589966
-1.523000	0.471838	0.563476
-1.503667	0.254011	0.803103
-1.484333	0.308838	0.734575
-1.465000	0.319178	0.722322
-1.445667	0.172543	0.916915
-1.426333	0.260705	0.794405
-1.407000	0.184300	0.899546
-1.387667	0.138061	0.969820
-1.368333	0.212623	0.859039
-1.349000	0.209442	0.863496
-1.329667	0.000000	1.214038
-1.310333	0.140777	0.965544
-1.291000	0.381087	0.653118
-1.271667	0.147939	0.954360
-1.252333	0.262952	0.791507
-1.233000	0.343825	0.693933
-1.213667	0.274713	0.776508
-1.194333	0.353990	0.682552
-1.175000	0.292729	0.754079
-1.155667	0.474663	0.560892
-1.136333	0.491704	0.545556
-1.117000	0.502736	0.535853
-1.097667	0.412876	0.620201
-1.078333	0.531062	0.511721
-1.059000	0.700874	0.388204
-1.039667	0.711789	0.381372
-1.020333	0.823851	0.317816
-1.001000	0.914937	0.274046
-0.981667	0.973773	0.249032
-0.962333	1.090506	0.205960
-0.943000	1.167691	0.181656
-0.923667	1.091227	0.205718
-0.904333	1.335494	0.138260
-0.885000	1.481692	0.108995
-0.865667	1.648394	0.083105
-0.846333	1.833545	0.061492
-0.827000	1.858822	0.059015
-0.807667	2.277562	0.029862
-0.788333	2.295600	0.028998
-0.769000	2.459053	0.022228
-0.749667	2.376510	0.025422
-0.730333	2.654382	0.016177
-0.711000	2.796954	0.012828
-0.691667	2.725368	0.014413
-0.672333	3.048147	0.008525
-0.653000	3.037296	0.008677
-0.633667	3.212884	0.006521
-0.614333	3.303521	0.005627
-0.595000	3.467849	0.004307
-0.575667	3.804900	0.002489
-0.556333	3.962492	0.001926
-0.537000	4.275054	0.001158
-0.517667	4.363699	0.001003
-0.498333	4.609321	0.000673
-0.479000	4.722998	0.000559
-0.459667	5.209659	0.000253
-0.440333	5.361642	0.000198
-0.421000	5.386803	0.000190
-0.401667	5.764370	0.000103
-0.382333	5.952728	0.000076
-0.363000	6.155181	0.000054
-0.343667	6.166548	0.000053
-0.324333	6.531792	0.000029
-0.305000	6.690537	0.000023
-0.285667	7.045766	0.000013
-0.266333	7.419008	0.000007
-0.247000	7.918028	0.000003
-0.227667	8.685007	0.000001
-0.208333	8.940290	0.000001
-0.189000	9.197609	0.000000
-0.169667	9.238862	0.000000
-0.150333	9.413611	0.000000
-0.131000	9.610931	0.000000
-0.111667	10.129458	0.000000
-0.092333	10.336483	0.000000
-0.073000	10.783262	0.000000
-0.053667	10.894045	0.000000
-0.034333	11.376627	0.000000
-0.015000	11.578403	0.000000
0.004333	11.751827	0.000000
0.023667	12.041685	0.000000
0.043000	12.256143	0.000000
0.062333	12.356402	0.000000
0.081667	12.651157	0.000000
0.101000	12.871896	0.000000
0.120333	12.969372	0.000000
0.139667	13.188982	0.000000
0.159000	13.445440	0.000000
0.178333	13.522753	0.000000
0.197667	13.679331	0.000000
0.217000	13.881078	0.000000
0.236333	13.760689	0.000000
0.255667	13.917068	0.000000
0.275000	14.129517	0.000000
0.294333	14.183124	0.000000
0.313667	14.173624	0.000000
0.333000	14.281044	0.000000
0.352333	14.189881	0.000000
0.371667	14.207131	0.000000
0.391000	14.211973	0.000000
0.410333	14.289252	0.000000
0.429667	14.183539	0.000000
0.449000	14.354311	0.000000
0.468333	14.241244	0.000000
0.487667	14.489882	0.000000
0.507000	14.563335	0.000000
0.526333	14.554327	0.000000
0.545667	14.769307	0.000000
0.565000	14.668112	0.000000
0.584333	14.823151	0.000000
0.603667	15.174882	0.000000
0.623000	15.174862	0.000000
0.642333	15.328971	0.000000
0.661667	15.372089	0.000000
0.681000	15.618809	0.000000
0.700333	15.840575	0.000000
0.719667	16.074702	0.000000
0.739000	16.145811	0.000000
0.758333	16.724969	0.000000
0.777667	16.821472	0.000000
0.797000	17.026635	0.000000
0.816333	17.353805	0.000000
0.835667	17.295519	0.000000
0.855000	17.768531	0.000000
0.874333	17.756271	0.000000
0.893667	18.392094	0.000000
0.913000	18.331680	0.000000
0.932333	18.148877	0.000000
0.951667	18.330724	0.000000
0.971000	18.346960	0.000000
0.990333	18.133437	0.000000

# Dumping simulation biases, in the metadata file order 
# Window  F (free energy units)
# 0	0.000000
# 1	-0.444921
# 2	-0.620396
# 3	-0.845000
# 4	-1.004937
# 5	-1.128935
# 6	-1.127688
# 7	-0.995426
# 8	-0.804574
# 9	-0.465569
# 10	-0.004322
# 11	0.685016
# 12	1.372028
# 13	2.038138
# 14	2.976281
# 15	4.085218
# 16	5.190726
# 17	6.621435
# 18	8.376046
# 19	9.861407
# 20	11.180807
# 21	12.154656
# 22	12.729627
# 23	12.920017
# 24	13.145885
# 25	13.611718
# 26	14.329644
# 27	15.364515
# 28	16.483670
# 29	17.312345
#Iteration 610:  0.003573
#Iteration 620:  0.003440
#Iteration 630:  0.003312
#Iteration 640:  0.003189
#Iteration 650:  0.003070
#Iteration 660:  0.002956
#Iteration 670:  0.002846
#Iteration 680:  0.002740
#Iteration 690:  0.002638
#Iteration 700:  0.002540
-1.890333	0.886040	0.261506
-1.871000	0.826729	0.287995
-1.851667	0.758854	0.321617
-1.832333	0.951014	0.235275
-1.813000	0.883668	0.262517
-1.793667	0.801226	0.300195
-1.774333	0.820025	0.291153
-1.755000	0.727285	0.338566
-1.735667	0.781148	0.310162
-1.716333	0.650802	0.383423
-1.697000	0.727142	0.338645
-1.677667	0.599105	0.417064
-1.658333	0.727099	0.338668
-1.639000	0.505505	0.485660
-1.619667	0.444834	0.536039
-1.600333	0.422021	0.556306
-1.581000	0.375344	0.600194
-1.561667	0.317439	0.659480
-1.542333	0.409041	0.568178
-1.523000	0.439867	0.540389
-1.503667	0.224601	0.766995
-1.484333	0.282037	0.698576
-1.465000	0.295217	0.683758
-1.445667	0.151710	0.863557
-1.426333	0.243136	0.744213
-1.407000	0.169973	0.838277
-1.387667	0.127007	0.898967
-1.368333	0.205050	0.791782
-1.349000	0.205606	0.791066
-1.329667	0.000000	1.105287
-1.310333	0.144596	0.873608
-1.291000	0.388833	0.587167
-1.271667	0.159914	0.852108
-1.252333	0.279421	0.701556
-1.233000	0.364783	0.610595
-1.213667	0.300015	0.678442
-1.194333	0.383672	0.592118
-1.175000	0.327103	0.649194
-1.155667	0.514046	0.478958
-1.136333	0.536144	0.462046
-1.117000	0.552109	0.450200
-1.097667	0.467213	0.516875
-1.078333	0.590618	0.422863
-1.059000	0.765844	0.317981
-1.039667	0.782104	0.309680
-1.020333	0.899378	0.255893
-1.001000	0.995805	0.218742
-0.981667	1.060358	0.196936
-0.962333	1.183073	0.161297
-0.943000	1.266203	0.140894
-0.923667	1.195581	0.158048
-0.904333	1.445790	0.105199
-0.885000	1.598104	0.082111
-0.865667	1.770868	0.061993
-0.846333	1.961846	0.045438
-0.827000	1.992947	0.043196
-0.807667	2.417950	0.021636
-0.788333	2.442810	0.020778
-0.769000	2.613213	0.015748
-0.749667	2.537215	0.017820
-0.730333	2.821193	0.011227
-0.711000	2.969871	0.008815
-0.691667	2.904765	0.009800
-0.672333	3.234315	0.005733
-0.653000	3.230179	0.005772
-0.633667	3.412324	0.004292
-0.614333	3.509556	0.003664
-0.595000	3.680596	0.002774
-0.575667	4.024280	0.001586
-0.556333	4.188322	0.001214
-0.537000	4.507392	0.000723
-0.517667	4.602880	0.000619
-0.498333	4.855537	0.000410
-0.479000	4.975997	0.000337
-0.459667	5.469023	0.000151
-0.440333	5.627307	0.000117
-0.421000	5.659169	0.000111
-0.401667	6.043865	0.000059
-0.382333	6.239336	0.000043
-0.363000	6.448520	0.000031
-0.343667	6.466303	0.000030
-0.324333	6.837901	0.000016
-0.305000	7.003057	0.000012
-0.285667	7.364841	0.000007
-0.266333	7.744988	0.000004
-0.247000	8.251323	0.000002
-0.227667	9.025601	0.000000
-0.208333	9.287526	0.000000
-0.189000	9.550623	0.000000
-0.169667	9.597208	0.000000
-0.150333	9.777477	0.000000
-0.131000	9.980804	0.000000
-0.111667	10.505551	0.000000
-0.092333	10.718533	0.000000
-0.073000	11.170929	0.000000
-0.053667	11.287403	0.000000
-0.034333	11.776195	0.000000
-0.015000	11.984627	0.000000
0.004333	12.164544	0.000000
0.023667	12.460189	0.000000
0.043000	12.679787	0.000000
0.062333	12.785085	0.000000
0.081667	13.085303	0.000000
0.101000	13.311943	0.000000
0.120333	13.415238	0.000000
0.139667	13.640068	0.000000
0.159000	13.901154	0.000000
0.178333	13.982990	0.000000
0.197667	14.144515	0.000000
0.217000	14.351735	0.000000
0.236333	14.236883	0.000000
0.255667	14.398273	0.000000
0.275000	14.615051	0.000000
0.294333	14.672662	0.000000
0.313667	14.667355	0.000000
0.333000	14.779396	0.000000
0.352333	14.693042	0.000000
0.371667	14.714840	0.000000
0.391000	14.723774	0.000000
0.410333	14.804865	0.000000
0.429667	14.702928	0.000000
0.449000	14.877451	0.000000
0.468333	14.767954	0.000000
0.487667	15.019932	0.000000
0.507000	15.096613	0.000000
0.526333	15.090795	0.000000
0.545667	15.308834	0.000000
0.565000	15.210452	0.000000
0.584333	15.368095	0.000000
0.603667	15.722331	0.000000
0.623000	15.724726	0.000000
0.642333	15.881067	0.000000
0.661667	15.926186	0.000000
0.681000	16.174724	0.000000
0.700333	16.398166	0.000000
0.719667	16.633795	0.000000
0.739000	16.706200	0.000000
0.758333	17.286494	0.000000
0.777667	17.384048	0.000000
0.797000	17.590191	0.000000
0.816333	17.918209	0.000000
0.835667	17.860573	0.000000
0.855000	18.334034	0.000000
0.874333	18.322075	0.000000
0.893667	18.958116	0.000000
0.913000	18.897898	0.000000
0.932333	18.715318	0.000000
0.951667	18.897434	0.000000
0.971000	18.913975	0.000000
0.990333	18.700747	0.000000

# Dumping simulation biases, in the metadata file order 
# Window  F (free energy units)
# 0	0.000000
# 1	-0.442786
# 2	-0.612576
# 3	-0.828230
# 4	-0.975838
# 5	-1.084465
# 6	-1.065739
# 7	-0.911982
# 8	-0.697320
# 9	-0.333316
# 10	0.155261
# 11	0.872619
# 12	1.594875
# 13	2.292172
# 14	3.259524
# 15	4.402132
# 16	5.541611
# 17	6.996648
# 18	8.787742
# 19	10.305188
# 20	11.660428
# 21	12.666626
# 22	13.272492
# 23	13.488123
# 24	13.731008
# 25	14.210753
# 26	14.939175
# 27	15.981021
# 28	17.105046
# 29	17.935628
#Iteration 710:  0.002445
#Iteration 720:  0.002354
#Iteration 730:  0.002267
#Iteration 740:  0.002182
#Iteration 750:  0.002101
#Iteration 760:  0.002023
#Iteration 770:  0.001947
#Iteration 780:  0.001875
#Iteration 790:  0.001805
#Iteration 800:  0.001738
-1.890333	0.846732	0.261377
-1.871000	0.787613	0.287764
-1.851667	0.719995	0.321224
-1.832333	0.912467	0.234869
-1.813000	0.845480	0.261910
-1.793667	0.763462	0.299294
-1.774333	0.782794	0.290028
-1.755000	0.690719	0.336893
-1.735667	0.745345	0.308247
-1.716333	0.615802	0.380559
-1.697000	0.692966	0.335664
-1.677667	0.565833	0.412786
-1.658333	0.694881	0.334620
-1.639000	0.474498	0.478910
-1.619667	0.415125	0.527475
-1.600333	0.393640	0.546236
-1.581000	0.348361	0.587991
-1.561667	0.292007	0.644444
-1.542333	0.385320	0.553680
-1.523000	0.417917	0.525084
-1.503667	0.204407	0.743148
-1.484333	0.263636	0.674885
-1.465000	0.278769	0.658473
-1.445667	0.137411	0.828720
-1.426333	0.231076	0.711595
-1.407000	0.160136	0.798644
-1.387667	0.119416	0.853340
-1.368333	0.199853	0.748674
-1.349000	0.202976	0.744879
-1.329667	0.000000	1.036311
-1.310333	0.147217	0.815606
-1.291000	0.394154	0.545780
-1.271667	0.168144	0.788306
-1.252333	0.290734	0.645780
-1.233000	0.379169	0.559248
-1.213667	0.317375	0.618390
-1.194333	0.404042	0.537071
-1.175000	0.350702	0.585756
-1.155667	0.541086	0.429744
-1.136333	0.566645	0.412241
-1.117000	0.585986	0.399473
-1.097667	0.504496	0.456100
-1.078333	0.631485	0.370972
-1.059000	0.810422	0.277282
-1.039667	0.830337	0.268442
-1.020333	0.951183	0.220533
-1.001000	1.051285	0.187391
-0.981667	1.119774	0.167634
-0.962333	1.246595	0.136384
-0.943000	1.333793	0.118347
-0.923667	1.267170	0.131894
-0.904333	1.521454	0.087211
-0.885000	1.677956	0.067609
-0.865667	1.854861	0.050701
-0.846333	2.049826	0.036921
-0.827000	2.084937	0.034871
-0.807667	2.514266	0.017344
-0.788333	2.543822	0.016530
-0.769000	2.718972	0.012431
-0.749667	2.647427	0.013966
-0.730333	2.935570	0.008740
-0.711000	3.088439	0.006815
-0.691667	3.027792	0.007522
-0.672333	3.361985	0.004367
-0.653000	3.362439	0.004364
-0.633667	3.549069	0.003221
-0.614333	3.650817	0.002730
-0.595000	3.826450	0.002052
-0.575667	4.174666	0.001164
-0.556333	4.343120	0.000885
-0.537000	4.666661	0.000523
-0.517667	4.766849	0.000444
-0.498333	5.024318	0.000292
-0.479000	5.149398	0.000238
-0.459667	5.646768	0.000106
-0.440333	5.809379	0.000081
-0.421000	5.845858	0.000077
-0.401667	6.235447	0.000041
-0.382333	6.435771	0.000029
-0.363000	6.649534	0.000021
-0.343667	6.671691	0.000020
-0.324333	7.047635	0.000011
-0.305000	7.217187	0.000008
-0.285667	7.583473	0.000005
-0.266333	7.968362	0.000002
-0.247000	8.479694	0.000001
-0.227667	9.258911	0.000000
-0.208333	9.525297	0.000000
-0.189000	9.792279	0.000000
-0.169667	9.842485	0.000000
-0.150333	10.026540	0.000000
-0.131000	10.233994	0.000000
-0.111667	10.762996	0.000000
-0.092333	10.980040	0.000000
-0.073000	11.436277	0.000000
-0.053667	11.556670	0.000000
-0.034333	12.049743	0.000000
-0.015000	12.262736	0.000000
0.004333	12.447061	0.000000
0.023667	12.746617	0.000000
0.043000	12.969703	0.000000
0.062333	13.078453	0.000000
0.081667	13.382428	0.000000
0.101000	13.613112	0.000000
0.120333	13.720366	0.000000
0.139667	13.948732	0.000000
0.159000	14.212963	0.000000
0.178333	14.297902	0.000000
0.197667	14.462839	0.000000
0.217000	14.673820	0.000000
0.236333	14.562743	0.000000
0.255667	14.727529	0.000000
0.275000	14.947239	0.000000
0.294333	15.007584	0.000000
0.313667	15.005161	0.000000
0.333000	15.120380	0.000000
0.352333	15.037318	0.000000
0.371667	15.062211	0.000000
0.391000	15.073926	0.000000
0.410333	15.157617	0.000000
0.429667	15.058259	0.000000
0.449000	15.235344	0.000000
0.468333	15.128282	0.000000
0.487667	15.382539	0.000000
0.507000	15.461425	0.000000
0.526333	15.457787	0.000000
0.545667	15.677914	0.000000
0.565000	15.581450	0.000000
0.584333	15.740869	0.000000
0.603667	16.096815	0.000000
0.623000	16.100860	0.000000
0.642333	16.258723	0.000000
0.661667	16.305205	0.000000
0.681000	16.554984	0.000000
0.700333	16.779570	0.000000
0.719667	17.016223	0.000000
0.739000	17.089513	0.000000
0.758333	17.670582	0.000000
0.777667	17.768853	0.000000
0.797000	17.975666	0.000000
0.816333	18.304263	0.000000
0.835667	18.247069	0.000000
0.855000	18.720837	0.000000
0.874333	18.709082	0.000000
0.893667	19.345272	0.000000
0.913000	19.285188	0.000000
0.932333	19.102760	0.000000
0.951667	19.285061	0.000000
0.971000	19.301811	0.000000
0.990333	19.088785	0.000000

# Dumping simulation biases, in the metadata file order 
# Window  F (free energy units)
# 0	0.000000
# 1	-0.441324
# 2	-0.607221
# 3	-0.816743
# 4	-0.955912
# 5	-1.054012
# 6	-1.023317
# 7	-0.854850
# 8	-0.623877
# 9	-0.242773
# 10	0.264544
# 11	1.001038
# 12	1.747423
# 13	2.466126
# 14	3.453441
# 15	4.619063
# 16	5.781853
# 17	7.253564
# 18	9.069367
# 19	10.608792
# 20	11.988526
# 21	13.016850
# 22	13.643869
# 23	13.876816
# 24	14.131361
# 25	14.620630
# 26	15.356238
# 27	16.402858
# 28	17.530212
# 29	18.362099
#Iteration 810:  0.001673
#Iteration 820:  0.001611
#Iteration 830:  0.001551
#Iteration 840:  0.001493
#Iteration 850:  0.001437
#Iteration 860:  0.001384
#Iteration 870:  0.001332
#Iteration 880:  0.001283
#Iteration 890:  0.001235
#Iteration 900:  0.001189
-1.890333	0.819790	0.261289
-1.871000	0.760801	0.287605
-1.851667	0.693360	0.320955
-1.832333	0.886046	0.234591
-1.813000	0.819304	0.261496
-1.793667	0.737578	0.298679
-1.774333	0.757276	0.289260
-1.755000	0.665655	0.335752
-1.735667	0.720805	0.306941
-1.716333	0.591811	0.378608
-1.697000	0.669540	0.333636
-1.677667	0.543027	0.409879
-1.658333	0.672798	0.331873
-1.639000	0.453246	0.474337
-1.619667	0.394762	0.521682
-1.600333	0.374188	0.539439
-1.581000	0.329867	0.579769
-1.561667	0.274578	0.634333
-1.542333	0.369062	0.543956
-1.523000	0.402872	0.514845
-1.503667	0.190565	0.727232
-1.484333	0.251023	0.659112
-1.465000	0.267497	0.641682
-1.445667	0.127614	0.805654
-1.426333	0.222812	0.690066
-1.407000	0.153392	0.772567
-1.387667	0.114212	0.823411
-1.368333	0.196292	0.720488
-1.349000	0.201175	0.714787
-1.329667	0.000000	0.991536
-1.310333	0.149012	0.778091
-1.291000	0.397802	0.519109
-1.271667	0.173790	0.747352
-1.252333	0.298491	0.610130
-1.233000	0.389028	0.526572
-1.213667	0.329269	0.580334
-1.194333	0.418000	0.502329
-1.175000	0.366877	0.545893
-1.155667	0.559619	0.398964
-1.136333	0.587546	0.381244
-1.117000	0.609197	0.368050
-1.097667	0.530041	0.418630
-1.078333	0.659488	0.339137
-1.059000	0.840965	0.252442
-1.039667	0.863380	0.243402
-1.020333	0.986671	0.199168
-1.001000	1.089297	0.168544
-0.981667	1.160489	0.150112
-0.962333	1.290122	0.121570
-0.943000	1.380102	0.105016
-0.923667	1.316217	0.116518
-0.904333	1.573290	0.076695
-0.885000	1.732659	0.059180
-0.865667	1.912394	0.044176
-0.846333	2.110088	0.032027
-0.827000	2.147952	0.030114
-0.807667	2.580261	0.014905
-0.788333	2.613040	0.014131
-0.769000	2.791433	0.010572
-0.749667	2.722920	0.011818
-0.730333	3.013907	0.007361
-0.711000	3.169649	0.005714
-0.691667	3.112064	0.006275
-0.672333	3.449438	0.003625
-0.653000	3.453030	0.003603
-0.633667	3.642726	0.002647
-0.614333	3.747567	0.002232
-0.595000	3.926341	0.001668
-0.575667	4.277654	0.000942
-0.556333	4.449128	0.000713
-0.537000	4.775734	0.000419
-0.517667	4.879147	0.000354
-0.498333	5.139907	0.000232
-0.479000	5.268138	0.000188
-0.459667	5.768473	0.000083
-0.440333	5.934053	0.000064
-0.421000	5.973706	0.000060
-0.401667	6.366649	0.000031
-0.382333	6.570285	0.000023
-0.363000	6.787168	0.000016
-0.343667	6.812311	0.000015
-0.324333	7.191230	0.000008
-0.305000	7.363794	0.000006
-0.285667	7.733167	0.000003
-0.266333	8.121308	0.000002
-0.247000	8.636052	0.000001
-0.227667	9.418623	0.000000
-0.208333	9.688023	0.000000
-0.189000	9.957632	0.000000
-0.169667	10.010305	0.000000
-0.150333	10.196957	0.000000
-0.131000	10.407242	0.000000
-0.111667	10.939154	0.000000
-0.092333	11.158973	0.000000
-0.073000	11.617838	0.000000
-0.053667	11.740924	0.000000
-0.034333	12.236941	0.000000
-0.015000	12.453056	0.000000
0.004333	12.640382	0.000000
0.023667	12.942591	0.000000
0.043000	13.168050	0.000000
0.062333	13.279165	0.000000
0.081667	13.585722	0.000000
0.101000	13.819176	0.000000
0.120333	13.929127	0.000000
0.139667	14.159895	0.000000
0.159000	14.426270	0.000000
0.178333	14.513338	0.000000
0.197667	14.680623	0.000000
0.217000	14.894184	0.000000
0.236333	14.785683	0.000000
0.255667	14.952777	0.000000
0.275000	15.174483	0.000000
0.294333	15.236696	0.000000
0.313667	15.236254	0.000000
0.333000	15.353655	0.000000
0.352333	15.272846	0.000000
0.371667	15.299849	0.000000
0.391000	15.313459	0.000000
0.410333	15.398924	0.000000
0.429667	15.301330	0.000000
0.449000	15.480166	0.000000
0.468333	15.374767	0.000000
0.487667	15.630582	0.000000
0.507000	15.710976	0.000000
0.526333	15.708829	0.000000
0.545667	15.930381	0.000000
0.565000	15.835227	0.000000
0.584333	15.995859	0.000000
0.603667	16.352974	0.000000
0.623000	16.358146	0.000000
0.642333	16.517049	0.000000
0.661667	16.564462	0.000000
0.681000	16.815088	0.000000
0.700333	17.040456	0.000000
0.719667	17.277809	0.000000
0.739000	17.351703	0.000000
0.758333	17.933301	0.000000
0.777667	18.032063	0.000000
0.797000	18.239334	0.000000
0.816333	18.568326	0.000000
0.835667	18.511434	0.000000
0.855000	18.985411	0.000000
0.874333	18.973795	0.000000
0.893667	19.610087	0.000000
0.913000	19.550095	0.000000
0.932333	19.367770	0.000000
0.951667	19.550198	0.000000
0.971000	19.567091	0.000000
0.990333	19.354203	0.000000

# Dumping simulation biases, in the metadata file order 
# Window  F (free energy units)
# 0	0.000000
# 1	-0.440324
# 2	-0.603558
# 3	-0.808884
# 4	-0.942281
# 5	-1.033177
# 6	-0.994292
# 7	-0.815765
# 8	-0.573629
# 9	-0.180831
# 10	0.339321
# 11	1.088885
# 12	1.851781
# 13	2.585157
# 14	3.586120
# 15	4.767475
# 16	5.946242
# 17	7.429377
# 18	9.261969
# 19	10.816446
# 20	12.212928
# 21	13.256390
# 22	13.897892
# 23	14.142711
# 24	14.405244
# 25	14.901033
# 26	15.641561
# 27	16.691449
# 28	17.821083
# 29	18.653862
#Iteration 910:  0.001144
#Iteration 920:  0.001102
#Iteration 930:  0.001061
#Iteration 940:  0.001021
#Iteration 950:  0.000983
#Iteration 960:  0.000946
#Iteration 970:  0.000911
#Iteration 980:  0.000877
#Iteration 990:  0.000845
#Iteration 1000:  0.000813
-1.890333	0.801339	0.261229
-1.871000	0.742439	0.287497
-1.851667	0.675119	0.320771
-1.832333	0.867952	0.234400
-1.813000	0.801378	0.261212
-1.793667	0.719851	0.298258
-1.774333	0.739800	0.288734
-1.755000	0.648491	0.334972
-1.735667	0.703999	0.306050
-1.716333	0.575381	0.377278
-1.697000	0.653498	0.332255
-1.677667	0.527409	0.407900
-1.658333	0.657676	0.330004
-1.639000	0.438693	0.471230
-1.619667	0.380817	0.517752
-1.600333	0.360866	0.534832
-1.581000	0.317202	0.574204
-1.561667	0.262642	0.627500
-1.542333	0.357929	0.537394
-1.523000	0.392570	0.507948
-1.503667	0.181085	0.716530
-1.484333	0.242385	0.648523
-1.465000	0.259779	0.630430
-1.445667	0.120905	0.790228
-1.426333	0.217152	0.675698
-1.407000	0.148773	0.755201
-1.387667	0.110648	0.803523
-1.368333	0.193854	0.701800
-1.349000	0.199942	0.694883
-1.329667	0.000000	0.961994
-1.310333	0.150241	0.753400
-1.291000	0.400301	0.501599
-1.271667	0.177658	0.720536
-1.252333	0.303806	0.586856
-1.233000	0.395779	0.505303
-1.213667	0.337412	0.555634
-1.194333	0.427558	0.479844
-1.175000	0.377955	0.520169
-1.155667	0.572312	0.379166
-1.136333	0.601858	0.361373
-1.117000	0.625089	0.347971
-1.097667	0.547532	0.394763
-1.078333	0.678662	0.318928
-1.059000	0.861877	0.236728
-1.039667	0.886000	0.227618
-1.020333	1.010965	0.185745
-1.001000	1.115323	0.156743
-0.981667	1.188369	0.139181
-0.962333	1.319927	0.112366
-0.943000	1.411809	0.096765
-0.923667	1.349796	0.107036
-0.904333	1.608780	0.070236
-0.885000	1.770110	0.054023
-0.865667	1.951778	0.040200
-0.846333	2.151339	0.029056
-0.827000	2.191093	0.027236
-0.807667	2.625448	0.013436
-0.788333	2.660437	0.012693
-0.769000	2.841046	0.009461
-0.749667	2.774601	0.010541
-0.730333	3.067530	0.006545
-0.711000	3.225241	0.005064
-0.691667	3.169755	0.005543
-0.672333	3.509307	0.003190
-0.653000	3.515044	0.003161
-0.633667	3.706837	0.002313
-0.614333	3.813794	0.001944
-0.595000	3.994718	0.001448
-0.575667	4.348147	0.000815
-0.556333	4.521686	0.000615
-0.537000	4.850394	0.000360
-0.517667	4.956017	0.000303
-0.498333	5.219026	0.000198
-0.479000	5.349408	0.000160
-0.459667	5.851770	0.000071
-0.440333	6.019385	0.000054
-0.421000	6.061216	0.000050
-0.401667	6.456456	0.000026
-0.382333	6.662354	0.000019
-0.363000	6.881366	0.000013
-0.343667	6.908549	0.000013
-0.324333	7.289503	0.000007
-0.305000	7.464129	0.000005
-0.285667	7.835619	0.000003
-0.266333	8.225986	0.000001
-0.247000	8.743062	0.000001
-0.227667	9.527914	0.000000
-0.208333	9.799358	0.000000
-0.189000	10.070751	0.000000
-0.169667	10.125107	0.000000
-0.150333	10.313539	0.000000
-0.131000	10.525766	0.000000
-0.111667	11.059669	0.000000
-0.092333	11.281382	0.000000
-0.073000	11.742046	0.000000
-0.053667	11.866980	0.000000
-0.034333	12.365019	0.000000
-0.015000	12.583270	0.000000
0.004333	12.772641	0.000000
0.023667	13.076655	0.000000
0.043000	13.303733	0.000000
0.062333	13.416467	0.000000
0.081667	13.724795	0.000000
0.101000	13.960145	0.000000
0.120333	14.071937	0.000000
0.139667	14.304341	0.000000
0.159000	14.572179	0.000000
0.178333	14.660706	0.000000
0.197667	14.829603	0.000000
0.217000	15.044934	0.000000
0.236333	14.938192	0.000000
0.255667	15.106857	0.000000
0.275000	15.329923	0.000000
0.294333	15.393415	0.000000
0.313667	15.394331	0.000000
0.333000	15.513229	0.000000
0.352333	15.433961	0.000000
0.371667	15.462404	0.000000
0.391000	15.477307	0.000000
0.410333	15.563985	0.000000
0.429667	15.467598	0.000000
0.449000	15.647631	0.000000
0.468333	15.543368	0.000000
0.487667	15.800247	0.000000
0.507000	15.881672	0.000000
0.526333	15.880545	0.000000
0.545667	16.103071	0.000000
0.565000	16.008812	0.000000
0.584333	16.170273	0.000000
0.603667	16.528188	0.000000
0.623000	16.534130	0.000000
0.642333	16.693743	0.000000
0.661667	16.741793	0.000000
0.681000	16.992998	0.000000
0.700333	17.218901	0.000000
0.719667	17.456732	0.000000
0.739000	17.531038	0.000000
0.758333	18.112999	0.000000
0.777667	18.212096	0.000000
0.797000	18.419680	0.000000
0.816333	18.748942	0.000000
0.835667	18.692257	0.000000
0.855000	19.166376	0.000000
0.874333	19.154856	0.000000
0.893667	19.791217	0.000000
0.913000	19.731288	0.000000
0.932333	19.549034	0.000000
0.951667	19.731548	0.000000
0.971000	19.748539	0.000000
0.990333	19.535745	0.000000

# Dumping simulation biases, in the metadata file order 
# Window  F (free energy units)
# 0	0.000000
# 1	-0.439640
# 2	-0.601053
# 3	-0.803508
# 4	-0.932958
# 5	-1.018927
# 6	-0.974440
# 7	-0.789033
# 8	-0.539260
# 9	-0.138466
# 10	0.390472
# 11	1.148968
# 12	1.923157
# 13	2.666585
# 14	3.676878
# 15	4.868989
# 16	6.058701
# 17	7.549658
# 18	9.393682
# 19	10.958464
# 20	12.366399
# 21	13.420219
# 22	14.071633
# 23	14.324588
# 24	14.592589
# 25	15.092842
# 26	15.836738
# 27	16.888863
# 28	18.020057
# 29	18.853447
#Iteration 1010:  0.000783
#Iteration 1020:  0.000754
#Iteration 1030:  0.000725
#Iteration 1040:  0.000698
#Iteration 1050:  0.000672
#Iteration 1060:  0.000647
#Iteration 1070:  0.000623
#Iteration 1080:  0.000600
#Iteration 1090:  0.000578
#Iteration 1100:  0.000556
-1.890333	0.788708	0.261187
-1.871000	0.729871	0.287423
-1.851667	0.662633	0.320646
-1.832333	0.855566	0.234270
-1.813000	0.789107	0.261018
-1.793667	0.707717	0.297970
-1.774333	0.727838	0.288375
-1.755000	0.636742	0.334439
-1.735667	0.692495	0.305441
-1.716333	0.564134	0.376371
-1.697000	0.642516	0.331313
-1.677667	0.516718	0.406551
-1.658333	0.647324	0.328731
-1.639000	0.428731	0.469115
-1.619667	0.371272	0.515079
-1.600333	0.351748	0.531702
-1.581000	0.308534	0.570426
-1.561667	0.254472	0.622865
-1.542333	0.350309	0.532947
-1.523000	0.385518	0.503280
-1.503667	0.174596	0.709296
-1.484333	0.236473	0.641373
-1.465000	0.254496	0.622841
-1.445667	0.116313	0.779838
-1.426333	0.213278	0.666036
-1.407000	0.145612	0.743540
-1.387667	0.108209	0.790188
-1.368333	0.192185	0.689287
-1.349000	0.199099	0.681578
-1.329667	0.000000	0.942281
-1.310333	0.151082	0.736953
-1.291000	0.402012	0.489955
-1.271667	0.180306	0.702737
-1.252333	0.307444	0.571438
-1.233000	0.400400	0.491242
-1.213667	0.342985	0.539336
-1.194333	0.434099	0.465035
-1.175000	0.385538	0.503263
-1.155667	0.581001	0.366184
-1.136333	0.611654	0.348371
-1.117000	0.635965	0.334862
-1.097667	0.559503	0.379217
-1.078333	0.691786	0.305794
-1.059000	0.876189	0.226541
-1.039667	0.901481	0.217409
-1.020333	1.027592	0.177084
-1.001000	1.133135	0.149146
-0.981667	1.207451	0.132162
-0.962333	1.340327	0.106471
-0.943000	1.433510	0.091495
-0.923667	1.372777	0.100996
-0.904333	1.633069	0.066131
-0.885000	1.795740	0.050755
-0.865667	1.978731	0.037687
-0.846333	2.179568	0.027183
-0.827000	2.220617	0.025427
-0.807667	2.656375	0.012515
-0.788333	2.692878	0.011793
-0.769000	2.875001	0.008769
-0.749667	2.809968	0.009748
-0.730333	3.104224	0.006040
-0.711000	3.263284	0.004663
-0.691667	3.209236	0.005091
-0.672333	3.550278	0.002923
-0.653000	3.557482	0.002889
-0.633667	3.750709	0.002110
-0.614333	3.859113	0.001769
-0.595000	4.041507	0.001315
-0.575667	4.396384	0.000738
-0.556333	4.571336	0.000555
-0.537000	4.901483	0.000325
-0.517667	5.008619	0.000273
-0.498333	5.273167	0.000177
-0.479000	5.405017	0.000143
-0.459667	5.908765	0.000063
-0.440333	6.077774	0.000048
-0.421000	6.121098	0.000045
-0.401667	6.517911	0.000023
-0.382333	6.725354	0.000017
-0.363000	6.945820	0.000012
-0.343667	6.974397	0.000011
-0.324333	7.356743	0.000006
-0.305000	7.532782	0.000004
-0.285667	7.905720	0.000002
-0.266333	8.297612	0.000001
-0.247000	8.816282	0.000001
-0.227667	9.602688	0.000000
-0.208333	9.875522	0.000000
-0.189000	10.148129	0.000000
-0.169667	10.203635	0.000000
-0.150333	10.393286	0.000000
-0.131000	10.606843	0.000000
-0.111667	11.142108	0.000000
-0.092333	11.365116	0.000000
-0.073000	11.827011	0.000000
-0.053667	11.953212	0.000000
-0.034333	12.452636	0.000000
-0.015000	12.672349	0.000000
0.004333	12.863115	0.000000
0.023667	13.168359	0.000000
0.043000	13.396542	0.000000
0.062333	13.510385	0.000000
0.081667	13.819927	0.000000
0.101000	14.056574	0.000000
0.120333	14.169622	0.000000
0.139667	14.403143	0.000000
0.159000	14.671980	0.000000
0.178333	14.761506	0.000000
0.197667	14.931509	0.000000
0.217000	15.148052	0.000000
0.236333	15.042513	0.000000
0.255667	15.212249	0.000000
0.275000	15.436242	0.000000
0.294333	15.500608	0.000000
0.313667	15.502456	0.000000
0.333000	15.622380	0.000000
0.352333	15.544166	0.000000
0.371667	15.573593	0.000000
0.391000	15.589379	0.000000
0.410333	15.676885	0.000000
0.429667	15.581323	0.000000
0.449000	15.762175	0.000000
0.468333	15.658690	0.000000
0.487667	15.916296	0.000000
0.507000	15.998427	0.000000
0.526333	15.997997	0.000000
0.545667	16.221189	0.000000
0.565000	16.127541	0.000000
0.584333	16.289569	0.000000
0.603667	16.648031	0.000000
0.623000	16.654500	0.000000
0.642333	16.814599	0.000000
0.661667	16.863083	0.000000
0.681000	17.114685	0.000000
0.700333	17.340952	0.000000
0.719667	17.579110	0.000000
0.739000	17.653699	0.000000
0.758333	18.235907	0.000000
0.777667	18.335234	0.000000
0.797000	18.543032	0.000000
0.816333	18.872478	0.000000
0.835667	18.815934	0.000000
0.855000	19.290151	0.000000
0.874333	19.278696	0.000000
0.893667	19.915104	0.000000
0.913000	19.855218	0.000000
0.932333	19.673013	0.000000
0.951667	19.855586	0.000000
0.971000	19.872644	0.000000
0.990333	19.659915	0.000000

# Dumping simulation biases, in the metadata file order 
# Window  F (free energy units)
# 0	0.000000
# 1	-0.439172
# 2	-0.599339
# 3	-0.799831
# 4	-0.926583
# 5	-1.009180
# 6	-0.960863
# 7	-0.770751
# 8	-0.515754
# 9	-0.109491
# 10	0.425458
# 11	1.190058
# 12	1.971973
# 13	2.722282
# 14	3.738955
# 15	4.938421
# 16	6.135626
# 17	7.631938
# 18	9.483756
# 19	11.055591
# 20	12.471359
# 21	13.532264
# 22	14.190463
# 23	14.448988
# 24	14.720734
# 25	15.224041
# 26	15.970242
# 27	17.023897
# 28	18.156158
# 29	18.989966
#Iteration 1110:  0.000535
#Iteration 1120:  0.000515
#Iteration 1130:  0.000496
#Iteration 1140:  0.000478
#Iteration 1150:  0.000460
#Iteration 1160:  0.000443
#Iteration 1170:  0.000426
#Iteration 1180:  0.000410
#Iteration 1190:  0.000395
#Iteration 1200:  0.000380
-1.890333	0.780066	0.261159
-1.871000	0.721270	0.287372
-1.851667	0.654089	0.320559
-1.832333	0.847090	0.234181
-1.813000	0.780710	0.260886
-1.793667	0.699414	0.297774
-1.774333	0.719652	0.288130
-1.755000	0.628702	0.334075
-1.735667	0.684622	0.305026
-1.716333	0.556438	0.375751
-1.697000	0.635001	0.330670
-1.677667	0.509402	0.405631
-1.658333	0.640241	0.327863
-1.639000	0.421914	0.467672
-1.619667	0.364741	0.513257
-1.600333	0.345508	0.529570
-1.581000	0.302602	0.567854
-1.561667	0.248882	0.619712
-1.542333	0.345095	0.529926
-1.523000	0.380692	0.500110
-1.503667	0.170155	0.704387
-1.484333	0.232426	0.636526
-1.465000	0.250881	0.617701
-1.445667	0.113171	0.772807
-1.426333	0.210627	0.659504
-1.407000	0.143448	0.735665
-1.387667	0.106539	0.781190
-1.368333	0.191043	0.680854
-1.349000	0.198522	0.672620
-1.329667	0.000000	0.929024
-1.310333	0.151658	0.725905
-1.291000	0.403183	0.482143
-1.271667	0.182119	0.690810
-1.252333	0.309934	0.561121
-1.233000	0.403562	0.481846
-1.213667	0.346798	0.528460
-1.194333	0.438576	0.455167
-1.175000	0.390728	0.492011
-1.155667	0.586947	0.357557
-1.136333	0.618357	0.339745
-1.117000	0.643407	0.326179
-1.097667	0.567694	0.368933
-1.078333	0.700765	0.297120
-1.059000	0.885982	0.219824
-1.039667	0.912073	0.210689
-1.020333	1.038968	0.171391
-1.001000	1.145323	0.144161
-0.981667	1.220508	0.127564
-0.962333	1.354286	0.102616
-0.943000	1.448359	0.088054
-0.923667	1.388502	0.097060
-0.904333	1.649688	0.063462
-0.885000	1.813277	0.048633
-0.865667	1.997171	0.036059
-0.846333	2.198883	0.025972
-0.827000	2.240818	0.024259
-0.807667	2.677538	0.011921
-0.788333	2.715077	0.011215
-0.769000	2.898235	0.008325
-0.749667	2.834166	0.009240
-0.730333	3.129329	0.005717
-0.711000	3.289313	0.004407
-0.691667	3.236249	0.004804
-0.672333	3.578311	0.002754
-0.653000	3.586517	0.002717
-0.633667	3.780725	0.001981
-0.614333	3.890120	0.001658
-0.595000	4.073520	0.001230
-0.575667	4.429386	0.000690
-0.556333	4.605305	0.000518
-0.537000	4.936437	0.000302
-0.517667	5.044609	0.000253
-0.498333	5.310209	0.000165
-0.479000	5.443063	0.000133
-0.459667	5.947758	0.000058
-0.440333	6.117721	0.000044
-0.421000	6.162068	0.000041
-0.401667	6.559957	0.000022
-0.382333	6.768456	0.000015
-0.363000	6.989915	0.000011
-0.343667	7.019445	0.000010
-0.324333	7.402743	0.000005
-0.305000	7.579748	0.000004
-0.285667	7.953679	0.000002
-0.266333	8.346615	0.000001
-0.247000	8.866373	0.000001
-0.227667	9.653839	0.000000
-0.208333	9.927621	0.000000
-0.189000	10.201055	0.000000
-0.169667	10.257347	0.000000
-0.150333	10.447832	0.000000
-0.131000	10.662300	0.000000
-0.111667	11.198497	0.000000
-0.092333	11.422390	0.000000
-0.073000	11.885127	0.000000
-0.053667	12.012197	0.000000
-0.034333	12.512570	0.000000
-0.015000	12.733283	0.000000
0.004333	12.925001	0.000000
0.023667	13.231084	0.000000
0.043000	13.460021	0.000000
0.062333	13.574624	0.000000
0.081667	13.884997	0.000000
0.101000	14.122532	0.000000
0.120333	14.236438	0.000000
0.139667	14.470721	0.000000
0.159000	14.740241	0.000000
0.178333	14.830451	0.000000
0.197667	15.001213	0.000000
0.217000	15.218585	0.000000
0.236333	15.113867	0.000000
0.255667	15.284335	0.000000
0.275000	15.508961	0.000000
0.294333	15.573926	0.000000
0.313667	15.576412	0.000000
0.333000	15.697038	0.000000
0.352333	15.619545	0.000000
0.371667	15.649645	0.000000
0.391000	15.666034	0.000000
0.410333	15.754106	0.000000
0.429667	15.659108	0.000000
0.449000	15.840520	0.000000
0.468333	15.737566	0.000000
0.487667	15.995670	0.000000
0.507000	16.078283	0.000000
0.526333	16.078330	0.000000
0.545667	16.301978	0.000000
0.565000	16.208747	0.000000
0.584333	16.371164	0.000000
0.603667	16.729999	0.000000
0.623000	16.736829	0.000000
0.642333	16.897259	0.000000
0.661667	16.946041	0.000000
0.681000	17.197913	0.000000
0.700333	17.424430	0.000000
0.719667	17.662812	0.000000
0.739000	17.737593	0.000000
0.758333	18.319971	0.000000
0.777667	18.419455	0.000000
0.797000	18.627399	0.000000
0.816333	18.956971	0.000000
0.835667	18.900524	0.000000
0.855000	19.374808	0.000000
0.874333	19.363397	0.000000
0.893667	19.999838	0.000000
0.913000	19.939981	0.000000
0.932333	19.757809	0.000000
0.951667	19.940423	0.000000
0.971000	19.957526	0.000000
0.990333	19.744841	0.000000

# Dumping simulation biases, in the metadata file order 
# Window  F (free energy units)
# 0	0.000000
# 1	-0.438852
# 2	-0.598168
# 3	-0.797317
# 4	-0.922223
# 5	-1.002515
# 6	-0.951577
# 7	-0.758248
# 8	-0.499677
# 9	-0.089676
# 10	0.449386
# 11	1.218160
# 12	2.005359
# 13	2.760377
# 14	3.781413
# 15	4.985909
# 16	6.188241
# 17	7.688218
# 18	9.545355
# 19	11.122017
# 20	12.543141
# 21	13.608894
# 22	14.271734
# 23	14.534073
# 24	14.808381
# 25	15.313779
# 26	16.061556
# 27	17.116259
# 28	18.249251
# 29	19.083345
#Iteration 1210:  0.000366
#Iteration 1220:  0.000353
#Iteration 1230:  0.000339
#Iteration 1240:  0.000327
#Iteration 1250:  0.000315
#Iteration 1260:  0.000303
#Iteration 1270:  0.000292
#Iteration 1280:  0.000281
#Iteration 1290:  0.000270
#Iteration 1300:  0.000260
-1.890333	0.774152	0.261140
-1.871000	0.715385	0.287338
-1.851667	0.648243	0.320501
-1.832333	0.841291	0.234120
-1.813000	0.774965	0.260795
-1.793667	0.693733	0.297639
-1.774333	0.714051	0.287962
-1.755000	0.623202	0.333826
-1.735667	0.679236	0.304742
-1.716333	0.551172	0.375327
-1.697000	0.629859	0.330230
-1.677667	0.504397	0.405002
-1.658333	0.635395	0.327270
-1.639000	0.417250	0.466688
-1.619667	0.360272	0.512015
-1.600333	0.341239	0.528116
-1.581000	0.298543	0.566102
-1.561667	0.245057	0.617564
-1.542333	0.341528	0.527868
-1.523000	0.377390	0.497953
-1.503667	0.167116	0.701049
-1.484333	0.229658	0.633231
-1.465000	0.248407	0.614208
-1.445667	0.111022	0.768033
-1.426333	0.208813	0.655072
-1.407000	0.141968	0.730325
-1.387667	0.105397	0.775093
-1.368333	0.190262	0.675143
-1.349000	0.198127	0.666560
-1.329667	0.000000	0.920062
-1.310333	0.152052	0.718442
-1.291000	0.403984	0.476869
-1.271667	0.183360	0.682766
-1.252333	0.311638	0.554170
-1.233000	0.405725	0.475521
-1.213667	0.349407	0.521145
-1.194333	0.441638	0.448535
-1.175000	0.394278	0.484459
-1.155667	0.591015	0.351772
-1.136333	0.622943	0.333967
-1.117000	0.648498	0.320367
-1.097667	0.573298	0.362058
-1.078333	0.706909	0.291327
-1.059000	0.892681	0.215343
-1.039667	0.919319	0.206211
-1.020333	1.046750	0.167603
-1.001000	1.153661	0.140847
-0.981667	1.229442	0.124511
-0.962333	1.363836	0.100059
-0.943000	1.458517	0.085776
-0.923667	1.399260	0.094456
-0.904333	1.661058	0.061698
-0.885000	1.825274	0.047233
-0.865667	2.009787	0.034986
-0.846333	2.212095	0.025174
-0.827000	2.254638	0.023491
-0.807667	2.692017	0.011532
-0.788333	2.730265	0.010836
-0.769000	2.914130	0.008035
-0.749667	2.850720	0.008908
-0.730333	3.146504	0.005505
-0.711000	3.307119	0.004239
-0.691667	3.254730	0.004617
-0.672333	3.597489	0.002643
-0.653000	3.606381	0.002605
-0.633667	3.801259	0.001898
-0.614333	3.911332	0.001586
-0.595000	4.095419	0.001176
-0.575667	4.451962	0.000658
-0.556333	4.628542	0.000494
-0.537000	4.960348	0.000288
-0.517667	5.069229	0.000241
-0.498333	5.335548	0.000156
-0.479000	5.469088	0.000126
-0.459667	5.974431	0.000055
-0.440333	6.145048	0.000042
-0.421000	6.190095	0.000039
-0.401667	6.588720	0.000020
-0.382333	6.797941	0.000014
-0.363000	7.020078	0.000010
-0.343667	7.050260	0.000010
-0.324333	7.434210	0.000005
-0.305000	7.611876	0.000004
-0.285667	7.986486	0.000002
-0.266333	8.380135	0.000001
-0.247000	8.900639	0.000000
-0.227667	9.688829	0.000000
-0.208333	9.963256	0.000000
-0.189000	10.237256	0.000000
-0.169667	10.294084	0.000000
-0.150333	10.485141	0.000000
-0.131000	10.700232	0.000000
-0.111667	11.237066	0.000000
-0.092333	11.461564	0.000000
-0.073000	11.924877	0.000000
-0.053667	12.052541	0.000000
-0.034333	12.553565	0.000000
-0.015000	12.774962	0.000000
0.004333	12.967330	0.000000
0.023667	13.273987	0.000000
0.043000	13.503439	0.000000
0.062333	13.618561	0.000000
0.081667	13.929503	0.000000
0.101000	14.167646	0.000000
0.120333	14.282139	0.000000
0.139667	14.516942	0.000000
0.159000	14.786928	0.000000
0.178333	14.877607	0.000000
0.197667	15.048887	0.000000
0.217000	15.266827	0.000000
0.236333	15.162672	0.000000
0.255667	15.333639	0.000000
0.275000	15.558698	0.000000
0.294333	15.624071	0.000000
0.313667	15.626994	0.000000
0.333000	15.748102	0.000000
0.352333	15.671102	0.000000
0.371667	15.701661	0.000000
0.391000	15.718462	0.000000
0.410333	15.806921	0.000000
0.429667	15.712310	0.000000
0.449000	15.894105	0.000000
0.468333	15.791514	0.000000
0.487667	16.049958	0.000000
0.507000	16.132901	0.000000
0.526333	16.133274	0.000000
0.545667	16.357233	0.000000
0.565000	16.264289	0.000000
0.584333	16.426970	0.000000
0.603667	16.786061	0.000000
0.623000	16.793137	0.000000
0.642333	16.953795	0.000000
0.661667	17.002780	0.000000
0.681000	17.254837	0.000000
0.700333	17.481525	0.000000
0.719667	17.720059	0.000000
0.739000	17.794973	0.000000
0.758333	18.377466	0.000000
0.777667	18.477057	0.000000
0.797000	18.685102	0.000000
0.816333	19.014760	0.000000
0.835667	18.958379	0.000000
0.855000	19.432708	0.000000
0.874333	19.421328	0.000000
0.893667	20.057791	0.000000
0.913000	19.997954	0.000000
0.932333	19.815805	0.000000
0.951667	19.998447	0.000000
0.971000	20.015581	0.000000
0.990333	19.802926	0.000000

# Dumping simulation biases, in the metadata file order 
# Window  F (free energy units)
# 0	0.000000
# 1	-0.438634
# 2	-0.597366
# 3	-0.795597
# 4	-0.919241
# 5	-0.997956
# 6	-0.945226
# 7	-0.749697
# 8	-0.488682
# 9	-0.076124
# 10	0.465752
# 11	1.237379
# 12	2.028192
# 13	2.786432
# 14	3.810452
# 15	5.018387
# 16	6.224228
# 17	7.726713
# 18	9.587483
# 19	11.167447
# 20	12.592234
# 21	13.661302
# 22	14.327318
# 23	14.592267
# 24	14.868328
# 25	15.375156
# 26	16.124013
# 27	17.179432
# 28	18.312923
# 29	19.147212
#Iteration 1310:  0.000250
#Iteration 1320:  0.000241
#Iteration 1330:  0.000232
#Iteration 1340:  0.000223
#Iteration 1350:  0.000215
#Iteration 1360:  0.000207
#Iteration 1370:  0.000199
#Iteration 1380:  0.000192
#Iteration 1390:  0.000185
#Iteration 1400:  0.000178
-1.890333	0.770107	0.261127
-1.871000	0.711360	0.287314
-1.851667	0.644244	0.320460
-1.832333	0.837324	0.234079
-1.813000	0.771034	0.260733
-1.793667	0.689846	0.297547
-1.774333	0.710219	0.287847
-1.755000	0.619438	0.333656
-1.735667	0.675552	0.304548
-1.716333	0.547570	0.375038
-1.697000	0.626342	0.329930
-1.677667	0.500973	0.404573
-1.658333	0.632079	0.326865
-1.639000	0.414060	0.466016
-1.619667	0.357215	0.511166
-1.600333	0.338318	0.527124
-1.581000	0.295767	0.564906
-1.561667	0.242441	0.616099
-1.542333	0.339087	0.526465
-1.523000	0.375131	0.496483
-1.503667	0.165038	0.698774
-1.484333	0.227764	0.630987
-1.465000	0.246715	0.611830
-1.445667	0.109551	0.764783
-1.426333	0.207573	0.652057
-1.407000	0.140955	0.726694
-1.387667	0.104615	0.770949
-1.368333	0.189728	0.671264
-1.349000	0.197857	0.662445
-1.329667	0.000000	0.913981
-1.310333	0.152321	0.713381
-1.291000	0.404532	0.473295
-1.271667	0.184209	0.677318
-1.252333	0.312804	0.549464
-1.233000	0.407205	0.471242
-1.213667	0.351191	0.516200
-1.194333	0.443733	0.444055
-1.175000	0.396707	0.479359
-1.155667	0.593798	0.347868
-1.136333	0.626080	0.330071
-1.117000	0.651981	0.316452
-1.097667	0.577131	0.357429
-1.078333	0.711111	0.287430
-1.059000	0.897265	0.212331
-1.039667	0.924276	0.203203
-1.020333	1.052074	0.165059
-1.001000	1.159365	0.138624
-0.981667	1.235553	0.122464
-0.962333	1.370370	0.098347
-0.943000	1.465466	0.084251
-0.923667	1.406619	0.092715
-0.904333	1.668835	0.060519
-0.885000	1.833481	0.046299
-0.865667	2.018416	0.034270
-0.846333	2.221133	0.024643
-0.827000	2.264092	0.022979
-0.807667	2.701922	0.011272
-0.788333	2.740655	0.010584
-0.769000	2.925004	0.007842
-0.749667	2.862043	0.008687
-0.730333	3.158252	0.005365
-0.711000	3.319299	0.004129
-0.691667	3.267371	0.004493
-0.672333	3.610608	0.002570
-0.653000	3.619968	0.002532
-0.633667	3.815306	0.001842
-0.614333	3.925842	0.001539
-0.595000	4.110399	0.001140
-0.575667	4.467404	0.000638
-0.556333	4.644437	0.000478
-0.537000	4.976705	0.000279
-0.517667	5.086070	0.000233
-0.498333	5.352882	0.000151
-0.479000	5.486891	0.000121
-0.459667	5.992676	0.000053
-0.440333	6.163740	0.000040
-0.421000	6.209267	0.000038
-0.401667	6.608395	0.000020
-0.382333	6.818110	0.000014
-0.363000	7.040711	0.000010
-0.343667	7.071338	0.000009
-0.324333	7.455734	0.000005
-0.305000	7.633852	0.000004
-0.285667	8.008926	0.000002
-0.266333	8.403065	0.000001
-0.247000	8.924077	0.000000
-0.227667	9.712761	0.000000
-0.208333	9.987630	0.000000
-0.189000	10.262015	0.000000
-0.169667	10.319211	0.000000
-0.150333	10.510658	0.000000
-0.131000	10.726176	0.000000
-0.111667	11.263446	0.000000
-0.092333	11.488358	0.000000
-0.073000	11.952065	0.000000
-0.053667	12.080136	0.000000
-0.034333	12.581604	0.000000
-0.015000	12.803469	0.000000
0.004333	12.996282	0.000000
0.023667	13.303330	0.000000
0.043000	13.533135	0.000000
0.062333	13.648612	0.000000
0.081667	13.959944	0.000000
0.101000	14.198502	0.000000
0.120333	14.313396	0.000000
0.139667	14.548554	0.000000
0.159000	14.818860	0.000000
0.178333	14.909859	0.000000
0.197667	15.081495	0.000000
0.217000	15.299823	0.000000
0.236333	15.196052	0.000000
0.255667	15.367361	0.000000
0.275000	15.592715	0.000000
0.294333	15.658368	0.000000
0.313667	15.661590	0.000000
0.333000	15.783027	0.000000
0.352333	15.706364	0.000000
0.371667	15.737237	0.000000
0.391000	15.754320	0.000000
0.410333	15.843044	0.000000
0.429667	15.748697	0.000000
0.449000	15.930754	0.000000
0.468333	15.828411	0.000000
0.487667	16.087088	0.000000
0.507000	16.170257	0.000000
0.526333	16.170853	0.000000
0.545667	16.395025	0.000000
0.565000	16.302276	0.000000
0.584333	16.465138	0.000000
0.603667	16.824405	0.000000
0.623000	16.831649	0.000000
0.642333	16.992462	0.000000
0.661667	17.041586	0.000000
0.681000	17.293770	0.000000
0.700333	17.520574	0.000000
0.719667	17.759213	0.000000
0.739000	17.834217	0.000000
0.758333	18.416789	0.000000
0.777667	18.516454	0.000000
0.797000	18.724567	0.000000
0.816333	19.054285	0.000000
0.835667	18.997949	0.000000
0.855000	19.472309	0.000000
0.874333	19.460949	0.000000
0.893667	20.097427	0.000000
0.913000	20.037604	0.000000
0.932333	19.855471	0.000000
0.951667	20.038131	0.000000
0.971000	20.055287	0.000000
0.990333	19.842653	0.000000

# Dumping simulation biases, in the metadata file order 
# Window  F (free energy units)
# 0	0.000000
# 1	-0.438484
# 2	-0.596818
# 3	-0.794421
# 4	-0.917201
# 5	-0.994839
# 6	-0.940883
# 7	-0.743849
# 8	-0.481163
# 9	-0.066856
# 10	0.476945
# 11	1.250523
# 12	2.043807
# 13	2.804252
# 14	3.830312
# 15	5.040599
# 16	6.248842
# 17	7.753042
# 18	9.616294
# 19	11.198517
# 20	12.625810
# 21	13.697145
# 22	14.365334
# 23	14.632068
# 24	14.909329
# 25	15.417134
# 26	16.166729
# 27	17.222639
# 28	18.356471
# 29	19.190895
#Iteration 1410:  0.000171
#Iteration 1420:  0.000165
#Iteration 1430:  0.000159
#Iteration 1440:  0.000153
#Iteration 1450:  0.000147
#Iteration 1460:  0.000142
#Iteration 1470:  0.000136
#Iteration 1480:  0.000131
#Iteration 1490:  0.000126
#Iteration 1500:  0.000122
-1.890333	0.767340	0.261117
-1.871000	0.708606	0.287298
-1.851667	0.641508	0.320433
-1.832333	0.834610	0.234050
-1.813000	0.768346	0.260690
-1.793667	0.687188	0.297484
-1.774333	0.707598	0.287769
-1.755000	0.616864	0.333540
-1.735667	0.673031	0.304415
-1.716333	0.545106	0.374840
-1.697000	0.623936	0.329725
-1.677667	0.498630	0.404279
-1.658333	0.629811	0.326588
-1.639000	0.411877	0.465557
-1.619667	0.355123	0.510587
-1.600333	0.336320	0.526447
-1.581000	0.293867	0.564089
-1.561667	0.240651	0.615099
-1.542333	0.337418	0.525508
-1.523000	0.373586	0.495479
-1.503667	0.163616	0.697222
-1.484333	0.226469	0.629456
-1.465000	0.245558	0.610209
-1.445667	0.108545	0.762569
-1.426333	0.206724	0.650002
-1.407000	0.140262	0.724220
-1.387667	0.104081	0.768127
-1.368333	0.189362	0.668623
-1.349000	0.197672	0.659645
-1.329667	0.000000	0.909844
-1.310333	0.152505	0.709939
-1.291000	0.404907	0.470866
-1.271667	0.184789	0.673616
-1.252333	0.313601	0.546268
-1.233000	0.408217	0.468337
-1.213667	0.352412	0.512844
-1.194333	0.445166	0.441016
-1.175000	0.398369	0.475901
-1.155667	0.595701	0.345223
-1.136333	0.628226	0.327432
-1.117000	0.654364	0.313801
-1.097667	0.579753	0.354297
-1.078333	0.713986	0.284794
-1.059000	0.900399	0.210295
-1.039667	0.927666	0.201170
-1.020333	1.055715	0.163342
-1.001000	1.163266	0.137123
-0.981667	1.239733	0.121084
-0.962333	1.374839	0.097193
-0.943000	1.470220	0.083224
-0.923667	1.411653	0.091543
-0.904333	1.674155	0.059726
-0.885000	1.839094	0.045670
-0.865667	2.024319	0.033789
-0.846333	2.227315	0.024286
-0.827000	2.270558	0.022636
-0.807667	2.708697	0.011098
-0.788333	2.747762	0.010415
-0.769000	2.932442	0.007712
-0.749667	2.869789	0.008540
-0.730333	3.166287	0.005272
-0.711000	3.327631	0.004055
-0.691667	3.276018	0.004410
-0.672333	3.619581	0.002522
-0.653000	3.629262	0.002482
-0.633667	3.824913	0.001806
-0.614333	3.935766	0.001508
-0.595000	4.120645	0.001116
-0.575667	4.477967	0.000624
-0.556333	4.655309	0.000468
-0.537000	4.987892	0.000272
-0.517667	5.097590	0.000228
-0.498333	5.364738	0.000147
-0.479000	5.499067	0.000119
-0.459667	6.005156	0.000052
-0.440333	6.176526	0.000039
-0.421000	6.222380	0.000037
-0.401667	6.621853	0.000019
-0.382333	6.831905	0.000014
-0.363000	7.054823	0.000009
-0.343667	7.085755	0.000009
-0.324333	7.470456	0.000005
-0.305000	7.648884	0.000004
-0.285667	8.024275	0.000002
-0.266333	8.418748	0.000001
-0.247000	8.940108	0.000000
-0.227667	9.729130	0.000000
-0.208333	10.004300	0.000000
-0.189000	10.278949	0.000000
-0.169667	10.336396	0.000000
-0.150333	10.528111	0.000000
-0.131000	10.743921	0.000000
-0.111667	11.281489	0.000000
-0.092333	11.506684	0.000000
-0.073000	11.970660	0.000000
-0.053667	12.099009	0.000000
-0.034333	12.600782	0.000000
-0.015000	12.822967	0.000000
0.004333	13.016084	0.000000
0.023667	13.323399	0.000000
0.043000	13.553445	0.000000
0.062333	13.669165	0.000000
0.081667	13.980764	0.000000
0.101000	14.219606	0.000000
0.120333	14.334774	0.000000
0.139667	14.570175	0.000000
0.159000	14.840699	0.000000
0.178333	14.931918	0.000000
0.197667	15.103797	0.000000
0.217000	15.322391	0.000000
0.236333	15.218882	0.000000
0.255667	15.390424	0.000000
0.275000	15.615980	0.000000
0.294333	15.681825	0.000000
0.313667	15.685251	0.000000
0.333000	15.806913	0.000000
0.352333	15.730482	0.000000
0.371667	15.761570	0.000000
0.391000	15.778845	0.000000
0.410333	15.867750	0.000000
0.429667	15.773584	0.000000
0.449000	15.955819	0.000000
0.468333	15.853646	0.000000
0.487667	16.112483	0.000000
0.507000	16.195806	0.000000
0.526333	16.196554	0.000000
0.545667	16.420872	0.000000
0.565000	16.328257	0.000000
0.584333	16.491243	0.000000
0.603667	16.850629	0.000000
0.623000	16.857989	0.000000
0.642333	17.018907	0.000000
0.661667	17.068127	0.000000
0.681000	17.320397	0.000000
0.700333	17.547282	0.000000
0.719667	17.785992	0.000000
0.739000	17.861057	0.000000
0.758333	18.443684	0.000000
0.777667	18.543399	0.000000
0.797000	18.751559	0.000000
0.816333	19.081317	0.000000
0.835667	19.025011	0.000000
0.855000	19.499393	0.000000
0.874333	19.488048	0.000000
0.893667	20.124536	0.000000
0.913000	20.064722	0.000000
0.932333	19.882599	0.000000
0.951667	20.065273	0.000000
0.971000	20.082443	0.000000
0.990333	19.869824	0.000000

# Dumping simulation biases, in the metadata file order 
# Window  F (free energy units)
# 0	0.000000
# 1	-0.438382
# 2	-0.596443
# 3	-0.793616
# 4	-0.915806
# 5	-0.992706
# 6	-0.937913
# 7	-0.739850
# 8	-0.476020
# 9	-0.060517
# 10	0.484600
# 11	1.259512
# 12	2.054487
# 13	2.816440
# 14	3.843896
# 15	5.055791
# 16	6.265676
# 17	7.771049
# 18	9.635998
# 19	11.219766
# 20	12.648772
# 21	13.721659
# 22	14.391334
# 23	14.659289
# 24	14.937371
# 25	15.445845
# 26	16.195945
# 27	17.252190
# 28	18.386256
# 29	19.220771
#Iteration 1510:  0.000117
#Iteration 1520:  0.000113
#Iteration 1530:  0.000109
#Iteration 1540:  0.000105
#Iteration 1550:  0.000101
#Iteration 1560:  0.000097
#Iteration 1570:  0.000093
#Iteration 1580:  0.000090
#Iteration 1590:  0.000086
#Iteration 1600:  0.000083
-1.890333	0.765447	0.261111
-1.871000	0.706722	0.287286
-1.851667	0.639637	0.320414
-1.832333	0.832754	0.234031
-1.813000	0.766507	0.260661
-1.793667	0.685369	0.297441
-1.774333	0.705806	0.287715
-1.755000	0.615104	0.333460
-1.735667	0.671307	0.304324
-1.716333	0.543420	0.374705
-1.697000	0.622290	0.329585
-1.677667	0.497028	0.404078
-1.658333	0.628260	0.326399
-1.639000	0.410384	0.465243
-1.619667	0.353693	0.510191
-1.600333	0.334954	0.525984
-1.581000	0.292568	0.563531
-1.561667	0.239427	0.614416
-1.542333	0.336276	0.524854
-1.523000	0.372529	0.494794
-1.503667	0.162643	0.696163
-1.484333	0.225583	0.628411
-1.465000	0.244766	0.609103
-1.445667	0.107857	0.761058
-1.426333	0.206144	0.648601
-1.407000	0.139788	0.722534
-1.387667	0.103715	0.766203
-1.368333	0.189112	0.666823
-1.349000	0.197546	0.657736
-1.329667	0.000000	0.907026
-1.310333	0.152631	0.707595
-1.291000	0.405164	0.469211
-1.271667	0.185186	0.671095
-1.252333	0.314146	0.544093
-1.233000	0.408909	0.466361
-1.213667	0.353247	0.510562
-1.194333	0.446146	0.438949
-1.175000	0.399505	0.473550
-1.155667	0.597004	0.343425
-1.136333	0.629694	0.325639
-1.117000	0.655993	0.312001
-1.097667	0.581546	0.352170
-1.078333	0.715952	0.283005
-1.059000	0.902544	0.208913
-1.039667	0.929985	0.199792
-1.020333	1.058206	0.162177
-1.001000	1.165935	0.136106
-0.981667	1.242592	0.120149
-0.962333	1.377895	0.096411
-0.943000	1.473471	0.082528
-0.923667	1.415095	0.090750
-0.904333	1.677794	0.059190
-0.885000	1.842934	0.045245
-0.865667	2.028356	0.033464
-0.846333	2.231544	0.024045
-0.827000	2.274981	0.022404
-0.807667	2.713331	0.010981
-0.788333	2.752624	0.010301
-0.769000	2.937529	0.007625
-0.749667	2.875087	0.008440
-0.730333	3.171783	0.005209
-0.711000	3.333329	0.004005
-0.691667	3.281932	0.004354
-0.672333	3.625718	0.002489
-0.653000	3.635619	0.002449
-0.633667	3.831485	0.001781
-0.614333	3.942555	0.001487
-0.595000	4.127653	0.001100
-0.575667	4.485192	0.000615
-0.556333	4.662745	0.000461
-0.537000	4.995544	0.000268
-0.517667	5.105469	0.000224
-0.498333	5.372847	0.000145
-0.479000	5.507395	0.000117
-0.459667	6.013691	0.000051
-0.440333	6.185271	0.000039
-0.421000	6.231349	0.000036
-0.401667	6.631058	0.000019
-0.382333	6.841341	0.000013
-0.363000	7.064476	0.000009
-0.343667	7.095616	0.000009
-0.324333	7.480525	0.000005
-0.305000	7.659165	0.000004
-0.285667	8.034774	0.000002
-0.266333	8.429475	0.000001
-0.247000	8.951073	0.000000
-0.227667	9.740326	0.000000
-0.208333	10.015702	0.000000
-0.189000	10.290531	0.000000
-0.169667	10.348149	0.000000
-0.150333	10.540047	0.000000
-0.131000	10.756057	0.000000
-0.111667	11.293829	0.000000
-0.092333	11.519217	0.000000
-0.073000	11.983378	0.000000
-0.053667	12.111918	0.000000
-0.034333	12.613899	0.000000
-0.015000	12.836302	0.000000
0.004333	13.029627	0.000000
0.023667	13.337125	0.000000
0.043000	13.567336	0.000000
0.062333	13.683222	0.000000
0.081667	13.995003	0.000000
0.101000	14.234040	0.000000
0.120333	14.349395	0.000000
0.139667	14.584962	0.000000
0.159000	14.855635	0.000000
0.178333	14.947004	0.000000
0.197667	15.119050	0.000000
0.217000	15.337826	0.000000
0.236333	15.234496	0.000000
0.255667	15.406198	0.000000
0.275000	15.631892	0.000000
0.294333	15.697868	0.000000
0.313667	15.701434	0.000000
0.333000	15.823250	0.000000
0.352333	15.746976	0.000000
0.371667	15.778211	0.000000
0.391000	15.795618	0.000000
0.410333	15.884648	0.000000
0.429667	15.790604	0.000000
0.449000	15.972963	0.000000
0.468333	15.870906	0.000000
0.487667	16.129851	0.000000
0.507000	16.213279	0.000000
0.526333	16.214132	0.000000
0.545667	16.438550	0.000000
0.565000	16.346026	0.000000
0.584333	16.509097	0.000000
0.603667	16.868565	0.000000
0.623000	16.876003	0.000000
0.642333	17.036995	0.000000
0.661667	17.086279	0.000000
0.681000	17.338608	0.000000
0.700333	17.565548	0.000000
0.719667	17.804307	0.000000
0.739000	17.879414	0.000000
0.758333	18.462078	0.000000
0.777667	18.561827	0.000000
0.797000	18.770019	0.000000
0.816333	19.099805	0.000000
0.835667	19.043521	0.000000
0.855000	19.517917	0.000000
0.874333	19.506581	0.000000
0.893667	20.143077	0.000000
0.913000	20.083269	0.000000
0.932333	19.901153	0.000000
0.951667	20.083836	0.000000
0.971000	20.101016	0.000000
0.990333	19.888406	0.000000

# Dumping simulation biases, in the metadata file order 
# Window  F (free energy units)
# 0	0.000000
# 1	-0.438312
# 2	-0.596187
# 3	-0.793066
# 4	-0.914853
# 5	-0.991248
# 6	-0.935881
# 7	-0.737114
# 8	-0.472503
# 9	-0.056182
# 10	0.489836
# 11	1.265660
# 12	2.061791
# 13	2.824776
# 14	3.853186
# 15	5.066182
# 16	6.277189
# 17	7.783365
# 18	9.649473
# 19	11.234299
# 20	12.664477
# 21	13.738425
# 22	14.409116
# 23	14.677907
# 24	14.956550
# 25	15.465482
# 26	16.215927
# 27	17.272401
# 28	18.406627
# 29	19.241205
#Iteration 1610:  0.000080
#Iteration 1620:  0.000077
#Iteration 1630:  0.000074
#Iteration 1640:  0.000071
#Iteration 1650:  0.000069
#Iteration 1660:  0.000066
#Iteration 1670:  0.000064
#Iteration 1680:  0.000061
#Iteration 1690:  0.000059
#Iteration 1700:  0.000057
-1.890333	0.764152	0.261107
-1.871000	0.705434	0.287279
-1.851667	0.638357	0.320401
-1.832333	0.831484	0.234017
-1.813000	0.765249	0.260642
-1.793667	0.684125	0.297412
-1.774333	0.704580	0.287678
-1.755000	0.613899	0.333406
-1.735667	0.670128	0.304262
-1.716333	0.542267	0.374612
-1.697000	0.621165	0.329489
-1.677667	0.495932	0.403941
-1.658333	0.627199	0.326270
-1.639000	0.409363	0.465029
-1.619667	0.352715	0.509920
-1.600333	0.334019	0.525667
-1.581000	0.291680	0.563150
-1.561667	0.238590	0.613949
-1.542333	0.335495	0.524407
-1.523000	0.371807	0.494326
-1.503667	0.161978	0.695439
-1.484333	0.224977	0.627697
-1.465000	0.244225	0.608347
-1.445667	0.107387	0.760026
-1.426333	0.205747	0.647644
-1.407000	0.139464	0.721382
-1.387667	0.103465	0.764890
-1.368333	0.188941	0.665594
-1.349000	0.197460	0.656434
-1.329667	0.000000	0.905103
-1.310333	0.152717	0.705995
-1.291000	0.405339	0.468083
-1.271667	0.185458	0.669376
-1.252333	0.314519	0.542610
-1.233000	0.409383	0.465014
-1.213667	0.353818	0.509006
-1.194333	0.446817	0.437541
-1.175000	0.400283	0.471949
-1.155667	0.597894	0.342201
-1.136333	0.630698	0.324418
-1.117000	0.657108	0.310775
-1.097667	0.582773	0.350723
-1.078333	0.717297	0.281788
-1.059000	0.904010	0.207974
-1.039667	0.931571	0.198855
-1.020333	1.059909	0.161385
-1.001000	1.167760	0.135415
-0.981667	1.244548	0.119513
-0.962333	1.379986	0.095880
-0.943000	1.475695	0.082056
-0.923667	1.417450	0.090211
-0.904333	1.680283	0.058826
-0.885000	1.845560	0.044957
-0.865667	2.031117	0.033243
-0.846333	2.234436	0.023881
-0.827000	2.278007	0.022247
-0.807667	2.716500	0.010901
-0.788333	2.755949	0.010224
-0.769000	2.941009	0.007566
-0.749667	2.878710	0.008373
-0.730333	3.175543	0.005166
-0.711000	3.337227	0.003971
-0.691667	3.285977	0.004316
-0.672333	3.629916	0.002467
-0.653000	3.639967	0.002427
-0.633667	3.835979	0.001764
-0.614333	3.947197	0.001472
-0.595000	4.132447	0.001089
-0.575667	4.490133	0.000609
-0.556333	4.667831	0.000456
-0.537000	5.000778	0.000265
-0.517667	5.110858	0.000222
-0.498333	5.378393	0.000143
-0.479000	5.513092	0.000115
-0.459667	6.019529	0.000051
-0.440333	6.191252	0.000038
-0.421000	6.237484	0.000035
-0.401667	6.637354	0.000019
-0.382333	6.847794	0.000013
-0.363000	7.071078	0.000009
-0.343667	7.102360	0.000009
-0.324333	7.487412	0.000005
-0.305000	7.666196	0.000003
-0.285667	8.041954	0.000002
-0.266333	8.436811	0.000001
-0.247000	8.958573	0.000000
-0.227667	9.747984	0.000000
-0.208333	10.023500	0.000000
-0.189000	10.298452	0.000000
-0.169667	10.356188	0.000000
-0.150333	10.548211	0.000000
-0.131000	10.764357	0.000000
-0.111667	11.302269	0.000000
-0.092333	11.527789	0.000000
-0.073000	11.992076	0.000000
-0.053667	12.120746	0.000000
-0.034333	12.622870	0.000000
-0.015000	12.845423	0.000000
0.004333	13.038890	0.000000
0.023667	13.346513	0.000000
0.043000	13.576836	0.000000
0.062333	13.692836	0.000000
0.081667	14.004742	0.000000
0.101000	14.243912	0.000000
0.120333	14.359395	0.000000
0.139667	14.595076	0.000000
0.159000	14.865851	0.000000
0.178333	14.957323	0.000000
0.197667	15.129482	0.000000
0.217000	15.348382	0.000000
0.236333	15.245176	0.000000
0.255667	15.416986	0.000000
0.275000	15.642775	0.000000
0.294333	15.708840	0.000000
0.313667	15.712502	0.000000
0.333000	15.834424	0.000000
0.352333	15.758258	0.000000
0.371667	15.789593	0.000000
0.391000	15.807090	0.000000
0.410333	15.896204	0.000000
0.429667	15.802245	0.000000
0.449000	15.984688	0.000000
0.468333	15.882710	0.000000
0.487667	16.141729	0.000000
0.507000	16.225230	0.000000
0.526333	16.226155	0.000000
0.545667	16.450640	0.000000
0.565000	16.358179	0.000000
0.584333	16.521308	0.000000
0.603667	16.880831	0.000000
0.623000	16.888324	0.000000
0.642333	17.049365	0.000000
0.661667	17.098694	0.000000
0.681000	17.351063	0.000000
0.700333	17.578040	0.000000
0.719667	17.816833	0.000000
0.739000	17.891969	0.000000
0.758333	18.474658	0.000000
0.777667	18.574431	0.000000
0.797000	18.782645	0.000000
0.816333	19.112449	0.000000
0.835667	19.056179	0.000000
0.855000	19.530585	0.000000
0.874333	19.519257	0.000000
0.893667	20.155757	0.000000
0.913000	20.095954	0.000000
0.932333	19.913843	0.000000
0.951667	20.096532	0.000000
0.971000	20.113719	0.000000
0.990333	19.901116	0.000000

# Dumping simulation biases, in the metadata file order 
# Window  F (free energy units)
# 0	0.000000
# 1	-0.438264
# 2	-0.596012
# 3	-0.792690
# 4	-0.914200
# 5	-0.990251
# 6	-0.934492
# 7	-0.735244
# 8	-0.470097
# 9	-0.053217
# 10	0.493417
# 11	1.269865
# 12	2.066787
# 13	2.830477
# 14	3.859539
# 15	5.073288
# 16	6.285063
# 17	7.791789
# 18	9.658690
# 19	11.244238
# 20	12.675218
# 21	13.749891
# 22	14.421277
# 23	14.690640
# 24	14.969667
# 25	15.478912
# 26	16.229593
# 27	17.286224
# 28	18.420560
# 29	19.255180
#Iteration 1710:  0.000055
#Iteration 1720:  0.000053
#Iteration 1730:  0.000051
# Dumping simulation biases, in the metadata file order 
# Window  F (free energy units)
# 0	0.000000
# 1	-0.438250
# 2	-0.595961
# 3	-0.792581
# 4	-0.914011
# 5	-0.989961
# 6	-0.934087
# 7	-0.734700
# 8	-0.469398
# 9	-0.052355
# 10	0.494458
# 11	1.271088
# 12	2.068240
# 13	2.832135
# 14	3.861387
# 15	5.075355
# 16	6.287354
# 17	7.794239
# 18	9.661371
# 19	11.247130
# 20	12.678342
# 21	13.753226
# 22	14.424815
# 23	14.694344
# 24	14.973482
# 25	15.482818
# 26	16.233569
# 27	17.290245
# 28	18.424612
# 29	19.259245
# No MC error analysis requested
