#Coor		Free	+/-		Prob		+/-
-1.890333	0.573669	nan	0.014663	nan
-1.871000	0.647423	nan	0.013005	nan
-1.851667	0.464017	nan	0.017526	nan
-1.832333	0.571322	nan	0.014719	nan
-1.813000	0.639695	nan	0.013169	nan
-1.793667	0.582910	nan	0.014444	nan
-1.774333	0.600243	nan	0.014042	nan
-1.755000	0.727596	nan	0.011415	nan
-1.735667	0.436691	nan	0.018323	nan
-1.716333	0.492066	nan	0.016744	nan
-1.697000	0.495568	nan	0.016649	nan
-1.677667	0.329671	nan	0.021807	nan
-1.658333	0.454214	nan	0.017808	nan
-1.639000	0.491768	nan	0.016753	nan
-1.619667	0.395149	nan	0.019604	nan
-1.600333	0.280255	nan	0.023633	nan
-1.581000	0.197825	nan	0.027024	nan
-1.561667	0.000000	nan	0.037284	nan
-1.542333	0.136534	nan	0.029858	nan
-1.523000	0.164926	nan	0.028510	nan
-1.503667	0.089601	nan	0.032227	nan
-1.484333	0.056457	nan	0.034012	nan
-1.465000	0.134362	nan	0.029963	nan
-1.445667	0.098395	nan	0.031769	nan
-1.426333	0.060154	nan	0.033808	nan
-1.407000	0.129790	nan	0.030187	nan
-1.387667	0.140395	nan	0.029671	nan
-1.368333	0.216666	nan	0.026208	nan
-1.349000	0.275685	nan	0.023809	nan
-1.329667	0.167911	nan	0.028372	nan
-1.310333	0.161640	nan	0.028663	nan
-1.291000	0.118738	nan	0.030735	nan
-1.271667	0.238340	nan	0.025301	nan
-1.252333	0.365111	nan	0.020586	nan
-1.233000	0.399863	nan	0.019454	nan
-1.213667	0.424755	nan	0.018682	nan
-1.194333	0.393804	nan	0.019647	nan
-1.175000	0.537567	nan	0.015550	nan
-1.155667	0.765135	nan	0.010739	nan
-1.136333	0.602305	nan	0.013995	nan
-1.117000	0.787276	nan	0.010359	nan
-1.097667	0.838629	nan	0.009528	nan
-1.078333	0.671843	nan	0.012498	nan
-1.059000	0.966194	nan	0.007743	nan
-1.039667	0.924162	nan	0.008291	nan
-1.020333	0.994925	nan	0.007389	nan
-1.001000	0.991261	nan	0.007433	nan
-0.981667	0.953915	nan	0.007899	nan
-0.962333	1.168830	nan	0.005568	nan
-0.943000	1.150958	nan	0.005733	nan
-0.923667	1.293391	nan	0.004547	nan
-0.904333	1.264982	nan	0.004762	nan
-0.885000	1.416473	nan	0.003722	nan
-0.865667	1.671564	nan	0.002458	nan
-0.846333	1.689114	nan	0.002389	nan
-0.827000	1.788921	nan	0.002031	nan
-0.807667	1.937188	nan	0.001595	nan
-0.788333	2.056201	nan	0.001315	nan
-0.769000	2.377697	nan	0.000779	nan
-0.749667	2.446103	nan	0.000697	nan
-0.730333	2.485512	nan	0.000654	nan
-0.711000	2.647155	nan	0.000503	nan
-0.691667	2.850042	nan	0.000361	nan
-0.672333	2.907517	nan	0.000329	nan
-0.653000	3.092364	nan	0.000244	nan
-0.633667	3.218516	nan	0.000198	nan
-0.614333	3.431527	nan	0.000140	nan
-0.595000	3.599936	nan	0.000107	nan
-0.575667	3.631751	nan	0.000101	nan
-0.556333	3.772673	nan	0.000081	nan
-0.537000	4.040106	nan	0.000052	nan
-0.517667	4.215062	nan	0.000039	nan
-0.498333	4.377445	nan	0.000030	nan
-0.479000	4.473472	nan	0.000026	nan
-0.459667	4.973774	nan	0.000011	nan
-0.440333	5.047958	nan	0.000010	nan
-0.421000	5.281310	nan	0.000007	nan
-0.401667	5.521223	nan	0.000005	nan
-0.382333	5.903350	nan	0.000003	nan
-0.363000	6.036659	nan	0.000002	nan
-0.343667	6.239506	nan	0.000001	nan
-0.324333	6.518233	nan	0.000001	nan
-0.305000	6.790413	nan	0.000001	nan
-0.285667	6.818123	nan	0.000001	nan
-0.266333	7.001301	nan	0.000000	nan
-0.247000	7.385856	nan	0.000000	nan
-0.227667	7.604969	nan	0.000000	nan
-0.208333	7.925982	nan	0.000000	nan
-0.189000	8.138114	nan	0.000000	nan
-0.169667	8.657290	nan	0.000000	nan
-0.150333	8.680951	nan	0.000000	nan
-0.131000	8.953476	nan	0.000000	nan
-0.111667	9.255298	nan	0.000000	nan
-0.092333	9.574895	nan	0.000000	nan
-0.073000	9.986676	nan	0.000000	nan
-0.053667	10.175138	nan	0.000000	nan
-0.034333	10.632840	nan	0.000000	nan
-0.015000	10.857685	nan	0.000000	nan
0.004333	11.058832	nan	0.000000	nan
0.023667	11.490628	nan	0.000000	nan
0.043000	11.966100	nan	0.000000	nan
0.062333	12.132612	nan	0.000000	nan
0.081667	12.441439	nan	0.000000	nan
0.101000	12.656449	nan	0.000000	nan
0.120333	12.894648	nan	0.000000	nan
0.139667	13.201666	nan	0.000000	nan
0.159000	13.335404	nan	0.000000	nan
0.178333	13.819536	nan	0.000000	nan
0.197667	14.026461	nan	0.000000	nan
0.217000	14.086705	nan	0.000000	nan
0.236333	14.218110	nan	0.000000	nan
0.255667	14.337029	nan	0.000000	nan
0.275000	14.542908	nan	0.000000	nan
0.294333	15.007605	nan	0.000000	nan
0.313667	14.853550	nan	0.000000	nan
0.333000	15.000200	nan	0.000000	nan
0.352333	15.093842	nan	0.000000	nan
0.371667	14.935144	nan	0.000000	nan
0.391000	15.222437	nan	0.000000	nan
0.410333	15.181774	nan	0.000000	nan
0.429667	15.307006	nan	0.000000	nan
0.449000	15.452576	nan	0.000000	nan
0.468333	15.530150	nan	0.000000	nan
0.487667	15.498903	nan	0.000000	nan
0.507000	15.680755	nan	0.000000	nan
0.526333	15.510003	nan	0.000000	nan
0.545667	15.607738	nan	0.000000	nan
0.565000	15.659458	nan	0.000000	nan
0.584333	15.902981	nan	0.000000	nan
0.603667	16.112642	nan	0.000000	nan
0.623000	16.135312	nan	0.000000	nan
0.642333	16.243586	nan	0.000000	nan
0.661667	16.441821	nan	0.000000	nan
0.681000	16.500556	nan	0.000000	nan
0.700333	16.821724	nan	0.000000	nan
0.719667	17.124232	nan	0.000000	nan
0.739000	17.303433	nan	0.000000	nan
0.758333	17.638110	nan	0.000000	nan
0.777667	17.940897	nan	0.000000	nan
0.797000	18.365600	nan	0.000000	nan
0.816333	18.755765	nan	0.000000	nan
0.835667	18.994494	nan	0.000000	nan
0.855000	19.129911	nan	0.000000	nan
0.874333	19.340234	nan	0.000000	nan
0.893667	20.021711	nan	0.000000	nan
0.913000	19.751801	nan	0.000000	nan
0.932333	19.766808	nan	0.000000	nan
0.951667	19.847956	nan	0.000000	nan
0.971000	19.490022	nan	0.000000	nan
0.990333	19.468498	nan	0.000000	nan
#Window		Free	+/-	
#0	0.000000	nan
#1	-0.406466	nan
#2	-0.536942	nan
#3	-0.744721	nan
#4	-0.885095	nan
#5	-0.858064	nan
#6	-0.772569	nan
#7	-0.549444	nan
#8	-0.253859	nan
#9	-0.000336	nan
#10	0.344685	nan
#11	0.914707	nan
#12	1.624146	nan
#13	2.359001	nan
#14	3.174769	nan
#15	4.214605	nan
#16	5.415378	nan
#17	6.591304	nan
#18	7.954131	nan
#19	9.455076	nan
#20	11.061619	nan
#21	12.510827	nan
#22	13.572863	nan
#23	14.151005	nan
#24	14.522392	nan
#25	14.924245	nan
#26	15.640189	nan
#27	16.782766	nan
#28	18.216011	nan
#29	19.017706	nan
