#Coor		Free	+/-		Prob		+/-
-1.890333	0.584206	nan	0.014340	nan
-1.871000	0.748653	nan	0.010974	nan
-1.851667	0.682526	nan	0.012221	nan
-1.832333	0.665077	nan	0.012573	nan
-1.813000	0.602404	nan	0.013922	nan
-1.793667	0.548757	nan	0.015192	nan
-1.774333	0.593710	nan	0.014120	nan
-1.755000	0.539899	nan	0.015412	nan
-1.735667	0.353209	nan	0.020881	nan
-1.716333	0.413487	nan	0.018931	nan
-1.697000	0.343666	nan	0.021208	nan
-1.677667	0.360578	nan	0.020633	nan
-1.658333	0.209089	nan	0.026399	nan
-1.639000	0.325579	nan	0.021841	nan
-1.619667	0.167589	nan	0.028242	nan
-1.600333	0.267014	nan	0.024025	nan
-1.581000	0.271559	nan	0.023848	nan
-1.561667	0.122578	nan	0.030388	nan
-1.542333	0.150664	nan	0.029031	nan
-1.523000	0.162570	nan	0.028474	nan
-1.503667	0.166209	nan	0.028306	nan
-1.484333	0.107884	nan	0.031123	nan
-1.465000	0.102047	nan	0.031420	nan
-1.445667	0.055851	nan	0.033872	nan
-1.426333	0.000000	nan	0.037094	nan
-1.407000	0.043939	nan	0.034535	nan
-1.387667	0.126654	nan	0.030187	nan
-1.368333	0.207974	nan	0.026447	nan
-1.349000	0.529746	nan	0.015669	nan
-1.329667	0.112254	nan	0.030903	nan
-1.310333	0.291210	nan	0.023097	nan
-1.291000	0.370499	nan	0.020302	nan
-1.271667	0.364665	nan	0.020496	nan
-1.252333	0.266017	nan	0.024064	nan
-1.233000	0.285080	nan	0.023329	nan
-1.213667	0.364619	nan	0.020497	nan
-1.194333	0.449545	nan	0.017852	nan
-1.175000	0.488563	nan	0.016754	nan
-1.155667	0.429085	nan	0.018457	nan
-1.136333	0.589392	nan	0.014220	nan
-1.117000	0.513157	nan	0.016097	nan
-1.097667	0.643362	nan	0.013025	nan
-1.078333	0.762348	nan	0.010732	nan
-1.059000	0.762335	nan	0.010733	nan
-1.039667	0.982787	nan	0.007498	nan
-1.020333	1.050072	nan	0.006721	nan
-1.001000	1.086212	nan	0.006337	nan
-0.981667	1.178085	nan	0.005457	nan
-0.962333	1.313786	nan	0.004376	nan
-0.943000	1.260716	nan	0.004771	nan
-0.923667	1.585097	nan	0.002815	nan
-0.904333	1.741928	nan	0.002181	nan
-0.885000	1.894297	nan	0.001702	nan
-0.865667	2.029040	nan	0.001367	nan
-0.846333	2.097976	nan	0.001222	nan
-0.827000	2.298372	nan	0.000882	nan
-0.807667	2.418992	nan	0.000725	nan
-0.788333	2.614847	nan	0.000527	nan
-0.769000	2.781391	nan	0.000402	nan
-0.749667	3.084578	nan	0.000245	nan
-0.730333	3.181945	nan	0.000210	nan
-0.711000	3.263048	nan	0.000184	nan
-0.691667	3.380177	nan	0.000152	nan
-0.672333	3.638538	nan	0.000100	nan
-0.653000	3.942156	nan	0.000061	nan
-0.633667	4.009823	nan	0.000054	nan
-0.614333	4.091004	nan	0.000048	nan
-0.595000	4.412605	nan	0.000028	nan
-0.575667	4.597572	nan	0.000021	nan
-0.556333	4.631738	nan	0.000020	nan
-0.537000	5.126482	nan	0.000009	nan
-0.517667	5.211856	nan	0.000008	nan
-0.498333	5.569861	nan	0.000004	nan
-0.479000	5.815451	nan	0.000003	nan
-0.459667	5.965905	nan	0.000002	nan
-0.440333	6.456551	nan	0.000001	nan
-0.421000	6.474162	nan	0.000001	nan
-0.401667	6.803442	nan	0.000001	nan
-0.382333	6.853102	nan	0.000001	nan
-0.363000	7.335264	nan	0.000000	nan
-0.343667	7.512295	nan	0.000000	nan
-0.324333	7.924759	nan	0.000000	nan
-0.305000	8.170832	nan	0.000000	nan
-0.285667	8.334826	nan	0.000000	nan
-0.266333	8.753740	nan	0.000000	nan
-0.247000	8.985957	nan	0.000000	nan
-0.227667	9.412213	nan	0.000000	nan
-0.208333	9.588463	nan	0.000000	nan
-0.189000	10.153598	nan	0.000000	nan
-0.169667	10.057554	nan	0.000000	nan
-0.150333	10.428551	nan	0.000000	nan
-0.131000	10.854999	nan	0.000000	nan
-0.111667	11.308154	nan	0.000000	nan
-0.092333	11.585791	nan	0.000000	nan
-0.073000	11.955249	nan	0.000000	nan
-0.053667	12.243619	nan	0.000000	nan
-0.034333	12.499162	nan	0.000000	nan
-0.015000	12.883387	nan	0.000000	nan
0.004333	13.260179	nan	0.000000	nan
0.023667	13.292747	nan	0.000000	nan
0.043000	13.512086	nan	0.000000	nan
0.062333	14.247181	nan	0.000000	nan
0.081667	14.126778	nan	0.000000	nan
0.101000	14.517521	nan	0.000000	nan
0.120333	14.665467	nan	0.000000	nan
0.139667	14.770235	nan	0.000000	nan
0.159000	14.980847	nan	0.000000	nan
0.178333	15.172715	nan	0.000000	nan
0.197667	15.506350	nan	0.000000	nan
0.217000	15.824828	nan	0.000000	nan
0.236333	16.103338	nan	0.000000	nan
0.255667	15.817321	nan	0.000000	nan
0.275000	16.044342	nan	0.000000	nan
0.294333	16.080766	nan	0.000000	nan
0.313667	16.165391	nan	0.000000	nan
0.333000	16.099131	nan	0.000000	nan
0.352333	16.147572	nan	0.000000	nan
0.371667	16.182508	nan	0.000000	nan
0.391000	16.467031	nan	0.000000	nan
0.410333	16.327930	nan	0.000000	nan
0.429667	16.366096	nan	0.000000	nan
0.449000	16.794019	nan	0.000000	nan
0.468333	16.822412	nan	0.000000	nan
0.487667	17.105853	nan	0.000000	nan
0.507000	17.209926	nan	0.000000	nan
0.526333	17.196952	nan	0.000000	nan
0.545667	17.418435	nan	0.000000	nan
0.565000	17.480428	nan	0.000000	nan
0.584333	17.608476	nan	0.000000	nan
0.603667	17.700395	nan	0.000000	nan
0.623000	17.668552	nan	0.000000	nan
0.642333	17.913724	nan	0.000000	nan
0.661667	17.997739	nan	0.000000	nan
0.681000	18.232778	nan	0.000000	nan
0.700333	18.688469	nan	0.000000	nan
0.719667	18.488449	nan	0.000000	nan
0.739000	18.946497	nan	0.000000	nan
0.758333	19.158474	nan	0.000000	nan
0.777667	19.350957	nan	0.000000	nan
0.797000	19.363040	nan	0.000000	nan
0.816333	19.594720	nan	0.000000	nan
0.835667	19.794246	nan	0.000000	nan
0.855000	20.003868	nan	0.000000	nan
0.874333	20.186558	nan	0.000000	nan
0.893667	20.357857	nan	0.000000	nan
0.913000	20.704613	nan	0.000000	nan
0.932333	20.439087	nan	0.000000	nan
0.951667	20.623960	nan	0.000000	nan
0.971000	20.836830	nan	0.000000	nan
0.990333	20.494724	nan	0.000000	nan
#Window		Free	+/-	
#0	0.000000	nan
#1	-0.491729	nan
#2	-0.712226	nan
#3	-0.850587	nan
#4	-0.945263	nan
#5	-0.938275	nan
#6	-0.789989	nan
#7	-0.668579	nan
#8	-0.428779	nan
#9	-0.014034	nan
#10	0.547671	nan
#11	1.296139	nan
#12	2.142080	nan
#13	3.036986	nan
#14	4.066366	nan
#15	5.312951	nan
#16	6.622585	nan
#17	8.091229	nan
#18	9.644865	nan
#19	11.323642	nan
#20	12.869067	nan
#21	14.099057	nan
#22	14.921616	nan
#23	15.282450	nan
#24	15.869776	nan
#25	16.516143	nan
#26	17.196315	nan
#27	18.155445	nan
#28	19.088040	nan
#29	19.912116	nan
