#Coor		Free	+/-		Prob		+/-
-1.890333	0.542483	nan	0.013622	nan
-1.871000	0.320407	nan	0.019549	nan
-1.851667	0.317377	nan	0.019646	nan
-1.832333	0.670091	nan	0.011068	nan
-1.813000	0.508653	nan	0.014392	nan
-1.793667	0.257761	nan	0.021647	nan
-1.774333	0.461563	nan	0.015538	nan
-1.755000	0.452845	nan	0.015760	nan
-1.735667	0.212769	nan	0.023291	nan
-1.716333	0.381273	nan	0.017706	nan
-1.697000	0.255184	nan	0.021738	nan
-1.677667	0.111959	nan	0.027441	nan
-1.658333	0.200751	nan	0.023750	nan
-1.639000	0.273587	nan	0.021097	nan
-1.619667	0.245432	nan	0.022085	nan
-1.600333	0.203834	nan	0.023632	nan
-1.581000	0.239584	nan	0.022296	nan
-1.561667	0.176560	nan	0.024704	nan
-1.542333	0.058652	nan	0.029927	nan
-1.523000	0.055814	nan	0.030066	nan
-1.503667	0.000000	nan	0.032923	nan
-1.484333	0.034232	nan	0.031140	nan
-1.465000	0.183116	nan	0.024442	nan
-1.445667	0.069876	nan	0.029386	nan
-1.426333	0.036381	nan	0.031031	nan
-1.407000	0.067563	nan	0.029496	nan
-1.387667	0.006213	nan	0.032592	nan
-1.368333	0.151392	nan	0.025736	nan
-1.349000	0.001786	nan	0.032828	nan
-1.329667	0.152937	nan	0.025672	nan
-1.310333	0.076414	nan	0.029075	nan
-1.291000	0.295657	nan	0.020353	nan
-1.271667	0.081540	nan	0.028833	nan
-1.252333	0.240650	nan	0.022258	nan
-1.233000	0.448024	nan	0.015884	nan
-1.213667	0.321439	nan	0.019517	nan
-1.194333	0.585998	nan	0.012691	nan
-1.175000	0.443954	nan	0.015990	nan
-1.155667	0.529383	nan	0.013915	nan
-1.136333	0.393669	nan	0.017353	nan
-1.117000	0.580383	nan	0.012807	nan
-1.097667	0.679565	nan	0.010899	nan
-1.078333	0.655054	nan	0.011342	nan
-1.059000	0.864722	nan	0.008064	nan
-1.039667	0.810145	nan	0.008813	nan
-1.020333	0.895346	nan	0.007672	nan
-1.001000	1.029917	nan	0.006164	nan
-0.981667	1.198187	nan	0.004688	nan
-0.962333	1.293905	nan	0.004012	nan
-0.943000	1.331762	nan	0.003772	nan
-0.923667	1.852902	nan	0.001616	nan
-0.904333	1.690638	nan	0.002104	nan
-0.885000	1.818103	nan	0.001710	nan
-0.865667	2.042315	nan	0.001187	nan
-0.846333	2.223620	nan	0.000884	nan
-0.827000	2.138972	nan	0.001015	nan
-0.807667	2.289727	nan	0.000794	nan
-0.788333	2.434653	nan	0.000627	nan
-0.769000	2.597328	nan	0.000481	nan
-0.749667	2.987825	nan	0.000255	nan
-0.730333	3.231570	nan	0.000172	nan
-0.711000	2.985727	nan	0.000256	nan
-0.691667	3.243503	nan	0.000168	nan
-0.672333	3.429296	nan	0.000124	nan
-0.653000	3.729785	nan	0.000076	nan
-0.633667	3.924480	nan	0.000056	nan
-0.614333	4.031143	nan	0.000047	nan
-0.595000	4.220696	nan	0.000034	nan
-0.575667	4.429689	nan	0.000024	nan
-0.556333	4.539929	nan	0.000020	nan
-0.537000	4.776221	nan	0.000014	nan
-0.517667	4.994867	nan	0.000010	nan
-0.498333	5.425844	nan	0.000005	nan
-0.479000	5.506192	nan	0.000004	nan
-0.459667	5.664654	nan	0.000003	nan
-0.440333	5.806255	nan	0.000003	nan
-0.421000	6.069827	nan	0.000002	nan
-0.401667	6.433337	nan	0.000001	nan
-0.382333	6.595433	nan	0.000001	nan
-0.363000	6.927300	nan	0.000000	nan
-0.343667	7.382667	nan	0.000000	nan
-0.324333	7.452017	nan	0.000000	nan
-0.305000	7.867858	nan	0.000000	nan
-0.285667	8.163640	nan	0.000000	nan
-0.266333	8.498683	nan	0.000000	nan
-0.247000	8.682026	nan	0.000000	nan
-0.227667	8.935192	nan	0.000000	nan
-0.208333	9.217971	nan	0.000000	nan
-0.189000	9.441742	nan	0.000000	nan
-0.169667	9.733031	nan	0.000000	nan
-0.150333	9.761384	nan	0.000000	nan
-0.131000	10.208409	nan	0.000000	nan
-0.111667	10.632978	nan	0.000000	nan
-0.092333	10.999663	nan	0.000000	nan
-0.073000	11.135425	nan	0.000000	nan
-0.053667	11.552377	nan	0.000000	nan
-0.034333	11.796011	nan	0.000000	nan
-0.015000	12.093298	nan	0.000000	nan
0.004333	12.476259	nan	0.000000	nan
0.023667	12.774886	nan	0.000000	nan
0.043000	12.938175	nan	0.000000	nan
0.062333	13.598102	nan	0.000000	nan
0.081667	13.471129	nan	0.000000	nan
0.101000	13.515422	nan	0.000000	nan
0.120333	13.775469	nan	0.000000	nan
0.139667	13.907252	nan	0.000000	nan
0.159000	13.941082	nan	0.000000	nan
0.178333	13.956638	nan	0.000000	nan
0.197667	14.422603	nan	0.000000	nan
0.217000	14.597309	nan	0.000000	nan
0.236333	14.599139	nan	0.000000	nan
0.255667	14.717520	nan	0.000000	nan
0.275000	14.986734	nan	0.000000	nan
0.294333	15.010344	nan	0.000000	nan
0.313667	15.134412	nan	0.000000	nan
0.333000	15.208886	nan	0.000000	nan
0.352333	15.070133	nan	0.000000	nan
0.371667	15.312759	nan	0.000000	nan
0.391000	15.481146	nan	0.000000	nan
0.410333	15.455630	nan	0.000000	nan
0.429667	15.482472	nan	0.000000	nan
0.449000	15.488546	nan	0.000000	nan
0.468333	15.468560	nan	0.000000	nan
0.487667	15.632806	nan	0.000000	nan
0.507000	15.859252	nan	0.000000	nan
0.526333	15.947518	nan	0.000000	nan
0.545667	16.039307	nan	0.000000	nan
0.565000	16.359099	nan	0.000000	nan
0.584333	16.474709	nan	0.000000	nan
0.603667	16.727162	nan	0.000000	nan
0.623000	16.894864	nan	0.000000	nan
0.642333	16.963633	nan	0.000000	nan
0.661667	17.104301	nan	0.000000	nan
0.681000	17.248351	nan	0.000000	nan
0.700333	17.575656	nan	0.000000	nan
0.719667	17.450998	nan	0.000000	nan
0.739000	18.017510	nan	0.000000	nan
0.758333	18.145032	nan	0.000000	nan
0.777667	18.333314	nan	0.000000	nan
0.797000	18.503698	nan	0.000000	nan
0.816333	18.662922	nan	0.000000	nan
0.835667	18.888599	nan	0.000000	nan
0.855000	19.086591	nan	0.000000	nan
0.874333	19.260352	nan	0.000000	nan
0.893667	19.612035	nan	0.000000	nan
0.913000	20.096333	nan	0.000000	nan
0.932333	20.192423	nan	0.000000	nan
0.951667	20.789089	nan	0.000000	nan
0.971000	20.938192	nan	0.000000	nan
0.990333	20.937593	nan	0.000000	nan
#Window		Free	+/-	
#0	0.000000	nan
#1	-0.438921	nan
#2	-0.587316	nan
#3	-0.670978	nan
#4	-0.772842	nan
#5	-0.782119	nan
#6	-0.690140	nan
#7	-0.462964	nan
#8	-0.227352	nan
#9	0.163951	nan
#10	0.782142	nan
#11	1.454841	nan
#12	2.219885	nan
#13	3.102586	nan
#14	4.091960	nan
#15	5.201045	nan
#16	6.505249	nan
#17	7.976674	nan
#18	9.344936	nan
#19	10.870516	nan
#20	12.370771	nan
#21	13.312978	nan
#22	14.046169	nan
#23	14.496033	nan
#24	14.876687	nan
#25	15.580961	nan
#26	16.441491	nan
#27	17.401509	nan
#28	18.494968	nan
#29	19.925009	nan
