#Coor		Free	+/-		Prob		+/-
-1.890333	1.263172	nan	0.005747	nan
-1.871000	1.115471	nan	0.007307	nan
-1.851667	0.833598	nan	0.011559	nan
-1.832333	1.055897	nan	0.008051	nan
-1.813000	0.965476	nan	0.009327	nan
-1.793667	1.143624	nan	0.006980	nan
-1.774333	0.844742	nan	0.011351	nan
-1.755000	0.777444	nan	0.012664	nan
-1.735667	0.859427	nan	0.011083	nan
-1.716333	0.596028	nan	0.017012	nan
-1.697000	0.827352	nan	0.011677	nan
-1.677667	0.655153	nan	0.015452	nan
-1.658333	0.772304	nan	0.012771	nan
-1.639000	0.760879	nan	0.013010	nan
-1.619667	0.645890	nan	0.015687	nan
-1.600333	0.435549	nan	0.022087	nan
-1.581000	0.599292	nan	0.016922	nan
-1.561667	0.356255	nan	0.025128	nan
-1.542333	0.256466	nan	0.029557	nan
-1.523000	0.365562	nan	0.024750	nan
-1.503667	0.374477	nan	0.024394	nan
-1.484333	0.307818	nan	0.027188	nan
-1.465000	0.344258	nan	0.025623	nan
-1.445667	0.267377	nan	0.029037	nan
-1.426333	0.274816	nan	0.028688	nan
-1.407000	0.142674	nan	0.035568	nan
-1.387667	0.275763	nan	0.028643	nan
-1.368333	0.176158	nan	0.033682	nan
-1.349000	0.232964	nan	0.030709	nan
-1.329667	0.000000	nan	0.044859	nan
-1.310333	0.149871	nan	0.035154	nan
-1.291000	0.302693	nan	0.027416	nan
-1.271667	0.164916	nan	0.034304	nan
-1.252333	0.227460	nan	0.030985	nan
-1.233000	0.418771	nan	0.022698	nan
-1.213667	0.304588	nan	0.027331	nan
-1.194333	0.356706	nan	0.025110	nan
-1.175000	0.486135	nan	0.020342	nan
-1.155667	0.495140	nan	0.020046	nan
-1.136333	0.512889	nan	0.019476	nan
-1.117000	0.607230	nan	0.016705	nan
-1.097667	0.653851	nan	0.015485	nan
-1.078333	0.603736	nan	0.016800	nan
-1.059000	0.725373	nan	0.013784	nan
-1.039667	0.936883	nan	0.009771	nan
-1.020333	1.042480	nan	0.008229	nan
-1.001000	0.932142	nan	0.009847	nan
-0.981667	1.143714	nan	0.006979	nan
-0.962333	1.153906	nan	0.006865	nan
-0.943000	1.157175	nan	0.006828	nan
-0.923667	1.362613	nan	0.004888	nan
-0.904333	1.408737	nan	0.004535	nan
-0.885000	1.720531	nan	0.002731	nan
-0.865667	1.665929	nan	0.002984	nan
-0.846333	1.799080	nan	0.002403	nan
-0.827000	1.935878	nan	0.001924	nan
-0.807667	1.840004	nan	0.002248	nan
-0.788333	2.038015	nan	0.001629	nan
-0.769000	2.230895	nan	0.001190	nan
-0.749667	2.215720	nan	0.001220	nan
-0.730333	2.533598	nan	0.000728	nan
-0.711000	2.632986	nan	0.000619	nan
-0.691667	2.694904	nan	0.000560	nan
-0.672333	2.803341	nan	0.000469	nan
-0.653000	3.271865	nan	0.000219	nan
-0.633667	3.274558	nan	0.000218	nan
-0.614333	3.611580	nan	0.000126	nan
-0.595000	3.447099	nan	0.000165	nan
-0.575667	3.617844	nan	0.000125	nan
-0.556333	3.675215	nan	0.000114	nan
-0.537000	4.004778	nan	0.000066	nan
-0.517667	4.128591	nan	0.000054	nan
-0.498333	4.477500	nan	0.000031	nan
-0.479000	4.564295	nan	0.000027	nan
-0.459667	4.823554	nan	0.000018	nan
-0.440333	4.971449	nan	0.000014	nan
-0.421000	5.145858	nan	0.000010	nan
-0.401667	5.355241	nan	0.000007	nan
-0.382333	5.532353	nan	0.000006	nan
-0.363000	6.058061	nan	0.000002	nan
-0.343667	6.272373	nan	0.000002	nan
-0.324333	6.623932	nan	0.000001	nan
-0.305000	6.789153	nan	0.000001	nan
-0.285667	7.144120	nan	0.000000	nan
-0.266333	7.761133	nan	0.000000	nan
-0.247000	7.703245	nan	0.000000	nan
-0.227667	7.871947	nan	0.000000	nan
-0.208333	8.166076	nan	0.000000	nan
-0.189000	8.408518	nan	0.000000	nan
-0.169667	8.689910	nan	0.000000	nan
-0.150333	9.033426	nan	0.000000	nan
-0.131000	9.221670	nan	0.000000	nan
-0.111667	9.496607	nan	0.000000	nan
-0.092333	10.068136	nan	0.000000	nan
-0.073000	10.285025	nan	0.000000	nan
-0.053667	10.539919	nan	0.000000	nan
-0.034333	10.949397	nan	0.000000	nan
-0.015000	11.274148	nan	0.000000	nan
0.004333	11.443070	nan	0.000000	nan
0.023667	11.614828	nan	0.000000	nan
0.043000	12.021220	nan	0.000000	nan
0.062333	12.255298	nan	0.000000	nan
0.081667	12.510560	nan	0.000000	nan
0.101000	12.443447	nan	0.000000	nan
0.120333	12.565123	nan	0.000000	nan
0.139667	12.967948	nan	0.000000	nan
0.159000	13.022418	nan	0.000000	nan
0.178333	13.128316	nan	0.000000	nan
0.197667	13.363903	nan	0.000000	nan
0.217000	13.632729	nan	0.000000	nan
0.236333	13.464357	nan	0.000000	nan
0.255667	13.692641	nan	0.000000	nan
0.275000	13.649713	nan	0.000000	nan
0.294333	13.727479	nan	0.000000	nan
0.313667	14.074815	nan	0.000000	nan
0.333000	14.255015	nan	0.000000	nan
0.352333	14.136722	nan	0.000000	nan
0.371667	14.312966	nan	0.000000	nan
0.391000	14.217853	nan	0.000000	nan
0.410333	14.306302	nan	0.000000	nan
0.429667	14.420563	nan	0.000000	nan
0.449000	14.345410	nan	0.000000	nan
0.468333	14.452995	nan	0.000000	nan
0.487667	14.513717	nan	0.000000	nan
0.507000	14.918931	nan	0.000000	nan
0.526333	14.988140	nan	0.000000	nan
0.545667	15.036723	nan	0.000000	nan
0.565000	14.945583	nan	0.000000	nan
0.584333	15.283469	nan	0.000000	nan
0.603667	15.336193	nan	0.000000	nan
0.623000	15.319075	nan	0.000000	nan
0.642333	15.501479	nan	0.000000	nan
0.661667	15.503146	nan	0.000000	nan
0.681000	15.694104	nan	0.000000	nan
0.700333	15.840762	nan	0.000000	nan
0.719667	15.966873	nan	0.000000	nan
0.739000	16.313012	nan	0.000000	nan
0.758333	16.553720	nan	0.000000	nan
0.777667	16.733125	nan	0.000000	nan
0.797000	17.068623	nan	0.000000	nan
0.816333	17.197039	nan	0.000000	nan
0.835667	17.697488	nan	0.000000	nan
0.855000	17.656544	nan	0.000000	nan
0.874333	18.014823	nan	0.000000	nan
0.893667	18.206581	nan	0.000000	nan
0.913000	18.501281	nan	0.000000	nan
0.932333	18.562286	nan	0.000000	nan
0.951667	18.912099	nan	0.000000	nan
0.971000	19.125353	nan	0.000000	nan
0.990333	19.200544	nan	0.000000	nan
#Window		Free	+/-	
#0	0.000000	nan
#1	-0.536611	nan
#2	-0.742446	nan
#3	-0.959101	nan
#4	-1.146245	nan
#5	-1.256639	nan
#6	-1.274849	nan
#7	-1.102584	nan
#8	-0.853053	nan
#9	-0.496776	nan
#10	-0.053768	nan
#11	0.469124	nan
#12	1.086386	nan
#13	1.870793	nan
#14	2.666710	nan
#15	3.668333	nan
#16	4.905798	nan
#17	6.372523	nan
#18	7.746032	nan
#19	9.295367	nan
#20	10.725443	nan
#21	11.677636	nan
#22	12.323561	nan
#23	12.786180	nan
#24	13.174215	nan
#25	13.720705	nan
#26	14.294133	nan
#27	15.221717	nan
#28	16.438551	nan
#29	17.707451	nan
