#Coor		Free	+/-		Prob		+/-
-1.890333	0.174463	nan	0.026064	nan
-1.871000	0.052374	nan	0.031790	nan
-1.851667	0.090730	nan	0.029867	nan
-1.832333	0.060546	nan	0.031370	nan
-1.813000	0.102231	nan	0.029314	nan
-1.793667	0.142590	nan	0.027451	nan
-1.774333	0.005590	nan	0.034304	nan
-1.755000	0.073367	nan	0.030723	nan
-1.735667	0.212723	nan	0.024491	nan
-1.716333	0.000000	nan	0.034617	nan
-1.697000	0.269300	nan	0.022337	nan
-1.677667	0.026479	nan	0.033158	nan
-1.658333	0.050443	nan	0.031890	nan
-1.639000	0.116670	nan	0.028633	nan
-1.619667	0.138649	nan	0.027627	nan
-1.600333	0.085508	nan	0.030122	nan
-1.581000	0.181532	nan	0.025766	nan
-1.561667	0.137150	nan	0.027695	nan
-1.542333	0.101379	nan	0.029354	nan
-1.523000	0.179019	nan	0.025871	nan
-1.503667	0.112531	nan	0.028826	nan
-1.484333	0.186537	nan	0.025557	nan
-1.465000	0.240299	nan	0.023417	nan
-1.445667	0.246514	nan	0.023181	nan
-1.426333	0.294339	nan	0.021446	nan
-1.407000	0.384419	nan	0.018523	nan
-1.387667	0.478160	nan	0.015903	nan
-1.368333	0.262798	nan	0.022575	nan
-1.349000	0.242019	nan	0.023351	nan
-1.329667	0.179484	nan	0.025852	nan
-1.310333	0.387713	nan	0.018424	nan
-1.291000	0.213388	nan	0.024464	nan
-1.271667	0.451280	nan	0.016614	nan
-1.252333	0.419551	nan	0.017494	nan
-1.233000	0.514492	nan	0.014990	nan
-1.213667	0.579588	nan	0.013484	nan
-1.194333	0.624383	nan	0.012536	nan
-1.175000	0.851915	nan	0.008658	nan
-1.155667	0.825035	nan	0.009045	nan
-1.136333	0.886696	nan	0.008182	nan
-1.117000	0.885982	nan	0.008191	nan
-1.097667	1.150360	nan	0.005328	nan
-1.078333	1.152106	nan	0.005313	nan
-1.059000	1.379528	nan	0.003670	nan
-1.039667	1.336269	nan	0.003937	nan
-1.020333	1.471257	nan	0.003161	nan
-1.001000	1.606886	nan	0.002535	nan
-0.981667	1.693694	nan	0.002201	nan
-0.962333	1.927522	nan	0.001505	nan
-0.943000	1.726505	nan	0.002087	nan
-0.923667	1.798348	nan	0.001857	nan
-0.904333	2.102289	nan	0.001132	nan
-0.885000	2.278584	nan	0.000850	nan
-0.865667	2.539679	nan	0.000556	nan
-0.846333	2.601471	nan	0.000503	nan
-0.827000	2.778338	nan	0.000377	nan
-0.807667	2.716963	nan	0.000417	nan
-0.788333	3.040045	nan	0.000246	nan
-0.769000	2.913144	nan	0.000303	nan
-0.749667	3.128840	nan	0.000213	nan
-0.730333	3.309893	nan	0.000159	nan
-0.711000	3.405358	nan	0.000136	nan
-0.691667	3.691560	nan	0.000085	nan
-0.672333	3.842328	nan	0.000067	nan
-0.653000	4.106177	nan	0.000043	nan
-0.633667	4.228614	nan	0.000036	nan
-0.614333	4.267404	nan	0.000033	nan
-0.595000	4.533899	nan	0.000022	nan
-0.575667	4.487148	nan	0.000023	nan
-0.556333	4.840087	nan	0.000013	nan
-0.537000	5.015391	nan	0.000010	nan
-0.517667	5.098619	nan	0.000009	nan
-0.498333	5.398631	nan	0.000005	nan
-0.479000	5.621713	nan	0.000004	nan
-0.459667	5.973504	nan	0.000002	nan
-0.440333	6.049532	nan	0.000002	nan
-0.421000	6.233284	nan	0.000001	nan
-0.401667	6.433003	nan	0.000001	nan
-0.382333	6.723381	nan	0.000001	nan
-0.363000	6.928629	nan	0.000000	nan
-0.343667	7.176730	nan	0.000000	nan
-0.324333	7.454302	nan	0.000000	nan
-0.305000	7.923045	nan	0.000000	nan
-0.285667	8.219562	nan	0.000000	nan
-0.266333	8.760916	nan	0.000000	nan
-0.247000	9.360834	nan	0.000000	nan
-0.227667	9.480548	nan	0.000000	nan
-0.208333	9.847484	nan	0.000000	nan
-0.189000	10.203200	nan	0.000000	nan
-0.169667	10.527466	nan	0.000000	nan
-0.150333	10.898169	nan	0.000000	nan
-0.131000	11.215745	nan	0.000000	nan
-0.111667	11.367801	nan	0.000000	nan
-0.092333	11.882215	nan	0.000000	nan
-0.073000	11.982532	nan	0.000000	nan
-0.053667	12.165064	nan	0.000000	nan
-0.034333	12.399061	nan	0.000000	nan
-0.015000	12.657684	nan	0.000000	nan
0.004333	13.054633	nan	0.000000	nan
0.023667	13.403681	nan	0.000000	nan
0.043000	13.643137	nan	0.000000	nan
0.062333	13.895233	nan	0.000000	nan
0.081667	14.135931	nan	0.000000	nan
0.101000	14.498836	nan	0.000000	nan
0.120333	14.933110	nan	0.000000	nan
0.139667	15.292155	nan	0.000000	nan
0.159000	15.681101	nan	0.000000	nan
0.178333	15.554018	nan	0.000000	nan
0.197667	15.741710	nan	0.000000	nan
0.217000	15.743764	nan	0.000000	nan
0.236333	16.002490	nan	0.000000	nan
0.255667	16.229381	nan	0.000000	nan
0.275000	16.135272	nan	0.000000	nan
0.294333	16.380496	nan	0.000000	nan
0.313667	16.433991	nan	0.000000	nan
0.333000	16.511250	nan	0.000000	nan
0.352333	16.372984	nan	0.000000	nan
0.371667	16.375828	nan	0.000000	nan
0.391000	16.536992	nan	0.000000	nan
0.410333	16.558194	nan	0.000000	nan
0.429667	16.647957	nan	0.000000	nan
0.449000	16.465652	nan	0.000000	nan
0.468333	16.556419	nan	0.000000	nan
0.487667	16.604220	nan	0.000000	nan
0.507000	16.414751	nan	0.000000	nan
0.526333	16.751159	nan	0.000000	nan
0.545667	16.681856	nan	0.000000	nan
0.565000	16.884956	nan	0.000000	nan
0.584333	17.044385	nan	0.000000	nan
0.603667	17.405862	nan	0.000000	nan
0.623000	17.497112	nan	0.000000	nan
0.642333	17.829510	nan	0.000000	nan
0.661667	18.179039	nan	0.000000	nan
0.681000	18.449143	nan	0.000000	nan
0.700333	18.665635	nan	0.000000	nan
0.719667	18.743151	nan	0.000000	nan
0.739000	19.164981	nan	0.000000	nan
0.758333	19.239588	nan	0.000000	nan
0.777667	19.403078	nan	0.000000	nan
0.797000	19.731449	nan	0.000000	nan
0.816333	19.821871	nan	0.000000	nan
0.835667	20.191908	nan	0.000000	nan
0.855000	20.398635	nan	0.000000	nan
0.874333	20.678039	nan	0.000000	nan
0.893667	21.097362	nan	0.000000	nan
0.913000	21.512598	nan	0.000000	nan
0.932333	21.434604	nan	0.000000	nan
0.951667	21.337187	nan	0.000000	nan
0.971000	21.478174	nan	0.000000	nan
0.990333	20.786702	nan	0.000000	nan
#Window		Free	+/-	
#0	0.000000	nan
#1	-0.415001	nan
#2	-0.426616	nan
#3	-0.404613	nan
#4	-0.342261	nan
#5	-0.233761	nan
#6	-0.182376	nan
#7	0.092397	nan
#8	0.503609	nan
#9	0.996954	nan
#10	1.522971	nan
#11	2.217549	nan
#12	2.899007	nan
#13	3.742831	nan
#14	4.613563	nan
#15	5.675252	nan
#16	6.886920	nan
#17	8.541791	nan
#18	10.424115	nan
#19	11.955761	nan
#20	13.393941	nan
#21	14.867890	nan
#22	15.691937	nan
#23	15.962948	nan
#24	16.097022	nan
#25	16.598083	nan
#26	17.666756	nan
#27	18.882384	nan
#28	20.064611	nan
#29	21.012796	nan
