#Coor		Free	+/-		Prob		+/-
-1.890333	0.958986	nan	0.008612	nan
-1.871000	1.029940	nan	0.007673	nan
-1.851667	1.052593	nan	0.007396	nan
-1.832333	0.756863	nan	0.011965	nan
-1.813000	0.971957	nan	0.008432	nan
-1.793667	0.831908	nan	0.010590	nan
-1.774333	0.840903	nan	0.010436	nan
-1.755000	0.952086	nan	0.008709	nan
-1.735667	0.691796	nan	0.013301	nan
-1.716333	0.915753	nan	0.009240	nan
-1.697000	0.825754	nan	0.010696	nan
-1.677667	0.695173	nan	0.013228	nan
-1.658333	0.778020	nan	0.011560	nan
-1.639000	0.574252	nan	0.016104	nan
-1.619667	0.523480	nan	0.017490	nan
-1.600333	0.475418	nan	0.018913	nan
-1.581000	0.510856	nan	0.017853	nan
-1.561667	0.436462	nan	0.020150	nan
-1.542333	0.493520	nan	0.018364	nan
-1.523000	0.295651	nan	0.025337	nan
-1.503667	0.426932	nan	0.020465	nan
-1.484333	0.388282	nan	0.021793	nan
-1.465000	0.140546	nan	0.032610	nan
-1.445667	0.410017	nan	0.021036	nan
-1.426333	0.307474	nan	0.024855	nan
-1.407000	0.405447	nan	0.021193	nan
-1.387667	0.298283	nan	0.025229	nan
-1.368333	0.152704	nan	0.031971	nan
-1.349000	0.142879	nan	0.032486	nan
-1.329667	0.212409	nan	0.029012	nan
-1.310333	0.041528	nan	0.038309	nan
-1.291000	0.168177	nan	0.031176	nan
-1.271667	0.318993	nan	0.024393	nan
-1.252333	0.092413	nan	0.035266	nan
-1.233000	0.102477	nan	0.034693	nan
-1.213667	0.000000	nan	0.040987	nan
-1.194333	0.083268	nan	0.035794	nan
-1.175000	0.360435	nan	0.022803	nan
-1.155667	0.257202	nan	0.026973	nan
-1.136333	0.298596	nan	0.025216	nan
-1.117000	0.407260	nan	0.021131	nan
-1.097667	0.448334	nan	0.019765	nan
-1.078333	0.362383	nan	0.022731	nan
-1.059000	0.640217	nan	0.014465	nan
-1.039667	0.614952	nan	0.015072	nan
-1.020333	0.691039	nan	0.013317	nan
-1.001000	0.917036	nan	0.009220	nan
-0.981667	1.024857	nan	0.007737	nan
-0.962333	1.280051	nan	0.005108	nan
-0.943000	1.221682	nan	0.005617	nan
-0.923667	1.441537	nan	0.003928	nan
-0.904333	1.442006	nan	0.003925	nan
-0.885000	1.594283	nan	0.003064	nan
-0.865667	1.754528	nan	0.002361	nan
-0.846333	1.722245	nan	0.002488	nan
-0.827000	2.082841	nan	0.001384	nan
-0.807667	1.929748	nan	0.001775	nan
-0.788333	2.371144	nan	0.000866	nan
-0.769000	2.253668	nan	0.001048	nan
-0.749667	2.715431	nan	0.000495	nan
-0.730333	2.762951	nan	0.000458	nan
-0.711000	2.737671	nan	0.000477	nan
-0.691667	3.056134	nan	0.000284	nan
-0.672333	3.204049	nan	0.000223	nan
-0.653000	3.283899	nan	0.000196	nan
-0.633667	3.461215	nan	0.000147	nan
-0.614333	3.728308	nan	0.000095	nan
-0.595000	3.787207	nan	0.000086	nan
-0.575667	3.988631	nan	0.000062	nan
-0.556333	4.209306	nan	0.000044	nan
-0.537000	4.463057	nan	0.000029	nan
-0.517667	4.506878	nan	0.000027	nan
-0.498333	4.570577	nan	0.000024	nan
-0.479000	5.097302	nan	0.000010	nan
-0.459667	5.122989	nan	0.000010	nan
-0.440333	5.306495	nan	0.000007	nan
-0.421000	5.561474	nan	0.000005	nan
-0.401667	5.890889	nan	0.000003	nan
-0.382333	6.237044	nan	0.000002	nan
-0.363000	6.451560	nan	0.000001	nan
-0.343667	6.817270	nan	0.000001	nan
-0.324333	7.188695	nan	0.000000	nan
-0.305000	7.337693	nan	0.000000	nan
-0.285667	7.544711	nan	0.000000	nan
-0.266333	7.907000	nan	0.000000	nan
-0.247000	8.079800	nan	0.000000	nan
-0.227667	8.320230	nan	0.000000	nan
-0.208333	8.499954	nan	0.000000	nan
-0.189000	8.824258	nan	0.000000	nan
-0.169667	9.178009	nan	0.000000	nan
-0.150333	9.470897	nan	0.000000	nan
-0.131000	9.735872	nan	0.000000	nan
-0.111667	10.103056	nan	0.000000	nan
-0.092333	10.336657	nan	0.000000	nan
-0.073000	10.563227	nan	0.000000	nan
-0.053667	11.137332	nan	0.000000	nan
-0.034333	11.073423	nan	0.000000	nan
-0.015000	11.163683	nan	0.000000	nan
0.004333	11.304653	nan	0.000000	nan
0.023667	11.586749	nan	0.000000	nan
0.043000	11.874031	nan	0.000000	nan
0.062333	11.993390	nan	0.000000	nan
0.081667	12.225769	nan	0.000000	nan
0.101000	12.417255	nan	0.000000	nan
0.120333	12.556432	nan	0.000000	nan
0.139667	12.996208	nan	0.000000	nan
0.159000	13.064598	nan	0.000000	nan
0.178333	13.235284	nan	0.000000	nan
0.197667	13.330373	nan	0.000000	nan
0.217000	13.408329	nan	0.000000	nan
0.236333	13.553194	nan	0.000000	nan
0.255667	13.704384	nan	0.000000	nan
0.275000	13.872954	nan	0.000000	nan
0.294333	13.871076	nan	0.000000	nan
0.313667	13.958078	nan	0.000000	nan
0.333000	14.166976	nan	0.000000	nan
0.352333	14.245537	nan	0.000000	nan
0.371667	14.180270	nan	0.000000	nan
0.391000	14.204307	nan	0.000000	nan
0.410333	14.211522	nan	0.000000	nan
0.429667	14.177383	nan	0.000000	nan
0.449000	14.127654	nan	0.000000	nan
0.468333	14.170105	nan	0.000000	nan
0.487667	14.088897	nan	0.000000	nan
0.507000	14.284169	nan	0.000000	nan
0.526333	14.116532	nan	0.000000	nan
0.545667	14.046326	nan	0.000000	nan
0.565000	13.984435	nan	0.000000	nan
0.584333	13.977331	nan	0.000000	nan
0.603667	14.267307	nan	0.000000	nan
0.623000	14.297026	nan	0.000000	nan
0.642333	14.375904	nan	0.000000	nan
0.661667	14.508037	nan	0.000000	nan
0.681000	14.625541	nan	0.000000	nan
0.700333	14.863800	nan	0.000000	nan
0.719667	15.103809	nan	0.000000	nan
0.739000	15.452937	nan	0.000000	nan
0.758333	15.754018	nan	0.000000	nan
0.777667	15.872418	nan	0.000000	nan
0.797000	15.973734	nan	0.000000	nan
0.816333	16.438573	nan	0.000000	nan
0.835667	16.806272	nan	0.000000	nan
0.855000	16.825446	nan	0.000000	nan
0.874333	16.948938	nan	0.000000	nan
0.893667	17.372630	nan	0.000000	nan
0.913000	17.557213	nan	0.000000	nan
0.932333	17.788406	nan	0.000000	nan
0.951667	18.044302	nan	0.000000	nan
0.971000	18.283349	nan	0.000000	nan
0.990333	18.599286	nan	0.000000	nan
#Window		Free	+/-	
#0	0.000000	nan
#1	-0.480435	nan
#2	-0.629048	nan
#3	-0.855907	nan
#4	-1.014021	nan
#5	-1.115126	nan
#6	-1.218600	nan
#7	-1.199756	nan
#8	-0.963507	nan
#9	-0.544553	nan
#10	0.053903	nan
#11	0.663554	nan
#12	1.413249	nan
#13	2.231258	nan
#14	3.127253	nan
#15	4.163635	nan
#16	5.502605	nan
#17	6.896289	nan
#18	8.276811	nan
#19	9.676694	nan
#20	10.755906	nan
#21	11.761669	nan
#22	12.456089	nan
#23	12.775262	nan
#24	12.755385	nan
#25	12.829225	nan
#26	13.375099	nan
#27	14.407727	nan
#28	15.644320	nan
#29	16.968232	nan
