#Coor		Free	+/-		Prob		+/-
-1.890333	1.006093	nan	0.007756	nan
-1.871000	0.895073	nan	0.009291	nan
-1.851667	0.692818	nan	0.012911	nan
-1.832333	0.776571	nan	0.011266	nan
-1.813000	0.718983	nan	0.012373	nan
-1.793667	0.601422	nan	0.014980	nan
-1.774333	0.513036	nan	0.017297	nan
-1.755000	0.534299	nan	0.016709	nan
-1.735667	0.631585	nan	0.014263	nan
-1.716333	0.580546	nan	0.015498	nan
-1.697000	0.531794	nan	0.016777	nan
-1.677667	0.574911	nan	0.015641	nan
-1.658333	0.421461	nan	0.020075	nan
-1.639000	0.313543	nan	0.023928	nan
-1.619667	0.483266	nan	0.018155	nan
-1.600333	0.414275	nan	0.020312	nan
-1.581000	0.489585	nan	0.017969	nan
-1.561667	0.291447	nan	0.024804	nan
-1.542333	0.510397	nan	0.017371	nan
-1.523000	0.223461	nan	0.027705	nan
-1.503667	0.476489	nan	0.018356	nan
-1.484333	0.349807	nan	0.022557	nan
-1.465000	0.282429	nan	0.025171	nan
-1.445667	0.382782	nan	0.021379	nan
-1.426333	0.161186	nan	0.030659	nan
-1.407000	0.032394	nan	0.037805	nan
-1.387667	0.184042	nan	0.029540	nan
-1.368333	0.000000	nan	0.039850	nan
-1.349000	0.221531	nan	0.027792	nan
-1.329667	0.125117	nan	0.032511	nan
-1.310333	0.316972	nan	0.023795	nan
-1.291000	0.317394	nan	0.023779	nan
-1.271667	0.240035	nan	0.026968	nan
-1.252333	0.259708	nan	0.026118	nan
-1.233000	0.226967	nan	0.027547	nan
-1.213667	0.353221	nan	0.022432	nan
-1.194333	0.276118	nan	0.025430	nan
-1.175000	0.416461	nan	0.020239	nan
-1.155667	0.468215	nan	0.018605	nan
-1.136333	0.330785	nan	0.023266	nan
-1.117000	0.444623	nan	0.019333	nan
-1.097667	0.633243	nan	0.014225	nan
-1.078333	0.568362	nan	0.015808	nan
-1.059000	0.645465	nan	0.013945	nan
-1.039667	0.918755	nan	0.008940	nan
-1.020333	0.796082	nan	0.010914	nan
-1.001000	0.947885	nan	0.008526	nan
-0.981667	0.845034	nan	0.010079	nan
-0.962333	1.122399	nan	0.006419	nan
-0.943000	1.195775	nan	0.005696	nan
-0.923667	1.176471	nan	0.005878	nan
-0.904333	1.469490	nan	0.003649	nan
-0.885000	1.480212	nan	0.003586	nan
-0.865667	1.647173	nan	0.002733	nan
-0.846333	1.837627	nan	0.002005	nan
-0.827000	1.849078	nan	0.001968	nan
-0.807667	1.930651	nan	0.001724	nan
-0.788333	2.205778	nan	0.001102	nan
-0.769000	2.315341	nan	0.000922	nan
-0.749667	2.267153	nan	0.000997	nan
-0.730333	2.587498	nan	0.000592	nan
-0.711000	2.758448	nan	0.000448	nan
-0.691667	2.934906	nan	0.000336	nan
-0.672333	2.879932	nan	0.000368	nan
-0.653000	3.185258	nan	0.000224	nan
-0.633667	3.386051	nan	0.000161	nan
-0.614333	3.549003	nan	0.000124	nan
-0.595000	3.542962	nan	0.000125	nan
-0.575667	3.891070	nan	0.000071	nan
-0.556333	3.918406	nan	0.000068	nan
-0.537000	4.325375	nan	0.000035	nan
-0.517667	4.320430	nan	0.000035	nan
-0.498333	4.560128	nan	0.000024	nan
-0.479000	4.764470	nan	0.000017	nan
-0.459667	4.932498	nan	0.000013	nan
-0.440333	5.121501	nan	0.000010	nan
-0.421000	5.254462	nan	0.000008	nan
-0.401667	5.755570	nan	0.000003	nan
-0.382333	5.987060	nan	0.000002	nan
-0.363000	6.246981	nan	0.000002	nan
-0.343667	6.391396	nan	0.000001	nan
-0.324333	6.765724	nan	0.000001	nan
-0.305000	6.974705	nan	0.000000	nan
-0.285667	7.143005	nan	0.000000	nan
-0.266333	7.588556	nan	0.000000	nan
-0.247000	7.634001	nan	0.000000	nan
-0.227667	7.819648	nan	0.000000	nan
-0.208333	8.182475	nan	0.000000	nan
-0.189000	8.505774	nan	0.000000	nan
-0.169667	8.763039	nan	0.000000	nan
-0.150333	8.821762	nan	0.000000	nan
-0.131000	9.494384	nan	0.000000	nan
-0.111667	9.696627	nan	0.000000	nan
-0.092333	9.938361	nan	0.000000	nan
-0.073000	10.204169	nan	0.000000	nan
-0.053667	10.709809	nan	0.000000	nan
-0.034333	10.970032	nan	0.000000	nan
-0.015000	11.217085	nan	0.000000	nan
0.004333	11.700427	nan	0.000000	nan
0.023667	11.782256	nan	0.000000	nan
0.043000	12.087312	nan	0.000000	nan
0.062333	12.333211	nan	0.000000	nan
0.081667	12.498268	nan	0.000000	nan
0.101000	12.665762	nan	0.000000	nan
0.120333	13.040206	nan	0.000000	nan
0.139667	13.517623	nan	0.000000	nan
0.159000	13.446713	nan	0.000000	nan
0.178333	13.522418	nan	0.000000	nan
0.197667	13.753031	nan	0.000000	nan
0.217000	13.922378	nan	0.000000	nan
0.236333	14.262702	nan	0.000000	nan
0.255667	14.149461	nan	0.000000	nan
0.275000	14.627131	nan	0.000000	nan
0.294333	14.514865	nan	0.000000	nan
0.313667	14.452292	nan	0.000000	nan
0.333000	14.523515	nan	0.000000	nan
0.352333	14.516808	nan	0.000000	nan
0.371667	14.521450	nan	0.000000	nan
0.391000	14.597102	nan	0.000000	nan
0.410333	14.664286	nan	0.000000	nan
0.429667	14.781486	nan	0.000000	nan
0.449000	14.818438	nan	0.000000	nan
0.468333	15.218279	nan	0.000000	nan
0.487667	15.012350	nan	0.000000	nan
0.507000	15.251930	nan	0.000000	nan
0.526333	15.260139	nan	0.000000	nan
0.545667	15.507627	nan	0.000000	nan
0.565000	15.663134	nan	0.000000	nan
0.584333	15.744252	nan	0.000000	nan
0.603667	15.799803	nan	0.000000	nan
0.623000	15.755409	nan	0.000000	nan
0.642333	15.862044	nan	0.000000	nan
0.661667	16.000257	nan	0.000000	nan
0.681000	16.180117	nan	0.000000	nan
0.700333	16.396543	nan	0.000000	nan
0.719667	16.551665	nan	0.000000	nan
0.739000	16.846437	nan	0.000000	nan
0.758333	16.995053	nan	0.000000	nan
0.777667	17.133766	nan	0.000000	nan
0.797000	17.465731	nan	0.000000	nan
0.816333	17.533700	nan	0.000000	nan
0.835667	17.745356	nan	0.000000	nan
0.855000	18.155361	nan	0.000000	nan
0.874333	18.549450	nan	0.000000	nan
0.893667	18.586082	nan	0.000000	nan
0.913000	19.027073	nan	0.000000	nan
0.932333	19.345295	nan	0.000000	nan
0.951667	19.651630	nan	0.000000	nan
0.971000	19.720656	nan	0.000000	nan
0.990333	19.670011	nan	0.000000	nan
#Window		Free	+/-	
#0	0.000000	nan
#1	-0.571034	nan
#2	-0.721606	nan
#3	-0.825967	nan
#4	-0.913484	nan
#5	-1.064067	nan
#6	-1.015754	nan
#7	-0.906699	nan
#8	-0.702156	nan
#9	-0.356136	nan
#10	0.108683	nan
#11	0.719654	nan
#12	1.411695	nan
#13	2.205299	nan
#14	3.086836	nan
#15	4.096496	nan
#16	5.350231	nan
#17	6.642649	nan
#18	8.003645	nan
#19	9.578755	nan
#20	11.100097	nan
#21	12.300207	nan
#22	13.099174	nan
#23	13.421901	nan
#24	13.873448	nan
#25	14.433286	nan
#26	15.014182	nan
#27	15.923337	nan
#28	17.076249	nan
#29	18.500276	nan
