#Coor		Free	+/-		Prob		+/-
-1.890333	0.805182	nan	0.011588	nan
-1.871000	0.911210	nan	0.009752	nan
-1.851667	0.637200	nan	0.015229	nan
-1.832333	0.748924	nan	0.012698	nan
-1.813000	0.685119	nan	0.014087	nan
-1.793667	0.892226	nan	0.010058	nan
-1.774333	0.627434	nan	0.015473	nan
-1.755000	0.947426	nan	0.009194	nan
-1.735667	0.714510	nan	0.013430	nan
-1.716333	0.770579	nan	0.012259	nan
-1.697000	0.766754	nan	0.012335	nan
-1.677667	0.781275	nan	0.012047	nan
-1.658333	0.642195	nan	0.015106	nan
-1.639000	0.653035	nan	0.014842	nan
-1.619667	0.554805	nan	0.017414	nan
-1.600333	0.624782	nan	0.015540	nan
-1.581000	0.473515	nan	0.019876	nan
-1.561667	0.392172	nan	0.022688	nan
-1.542333	0.404369	nan	0.022242	nan
-1.523000	0.073540	nan	0.038099	nan
-1.503667	0.061495	nan	0.038853	nan
-1.484333	0.230060	nan	0.029535	nan
-1.465000	0.000000	nan	0.042941	nan
-1.445667	0.101832	nan	0.036385	nan
-1.426333	0.186038	nan	0.031727	nan
-1.407000	0.247008	nan	0.028731	nan
-1.387667	0.088210	nan	0.037200	nan
-1.368333	0.287257	nan	0.026910	nan
-1.349000	0.135724	nan	0.034433	nan
-1.329667	0.152974	nan	0.033480	nan
-1.310333	0.312308	nan	0.025836	nan
-1.291000	0.267478	nan	0.027790	nan
-1.271667	0.425255	nan	0.021499	nan
-1.252333	0.377654	nan	0.023230	nan
-1.233000	0.638291	nan	0.015202	nan
-1.213667	0.411923	nan	0.021971	nan
-1.194333	0.490943	nan	0.019320	nan
-1.175000	0.599325	nan	0.016197	nan
-1.155667	0.388307	nan	0.022831	nan
-1.136333	0.620043	nan	0.015660	nan
-1.117000	0.515719	nan	0.018557	nan
-1.097667	0.561588	nan	0.017223	nan
-1.078333	0.732524	nan	0.013042	nan
-1.059000	0.665809	nan	0.014537	nan
-1.039667	0.772687	nan	0.012217	nan
-1.020333	0.783228	nan	0.012009	nan
-1.001000	0.876031	nan	0.010326	nan
-0.981667	1.074755	nan	0.007474	nan
-0.962333	1.273586	nan	0.005408	nan
-0.943000	1.446768	nan	0.004081	nan
-0.923667	1.409898	nan	0.004333	nan
-0.904333	1.638646	nan	0.002986	nan
-0.885000	1.717942	nan	0.002625	nan
-0.865667	1.855146	nan	0.002100	nan
-0.846333	1.833228	nan	0.002176	nan
-0.827000	2.111752	nan	0.001383	nan
-0.807667	2.177336	nan	0.001243	nan
-0.788333	2.250915	nan	0.001103	nan
-0.769000	2.668097	nan	0.000560	nan
-0.749667	2.615836	nan	0.000609	nan
-0.730333	2.860755	nan	0.000409	nan
-0.711000	2.896177	nan	0.000386	nan
-0.691667	3.055810	nan	0.000298	nan
-0.672333	2.983447	nan	0.000335	nan
-0.653000	3.246317	nan	0.000218	nan
-0.633667	3.279532	nan	0.000207	nan
-0.614333	3.590315	nan	0.000125	nan
-0.595000	3.813397	nan	0.000087	nan
-0.575667	3.972123	nan	0.000067	nan
-0.556333	4.092817	nan	0.000055	nan
-0.537000	4.264542	nan	0.000042	nan
-0.517667	4.630867	nan	0.000023	nan
-0.498333	4.779974	nan	0.000018	nan
-0.479000	4.951871	nan	0.000014	nan
-0.459667	5.378297	nan	0.000007	nan
-0.440333	5.218220	nan	0.000009	nan
-0.421000	5.544840	nan	0.000005	nan
-0.401667	5.890074	nan	0.000003	nan
-0.382333	6.109509	nan	0.000002	nan
-0.363000	6.290359	nan	0.000002	nan
-0.343667	6.360317	nan	0.000001	nan
-0.324333	6.657581	nan	0.000001	nan
-0.305000	6.849792	nan	0.000001	nan
-0.285667	7.419193	nan	0.000000	nan
-0.266333	7.596319	nan	0.000000	nan
-0.247000	7.949052	nan	0.000000	nan
-0.227667	8.536842	nan	0.000000	nan
-0.208333	8.774201	nan	0.000000	nan
-0.189000	9.224804	nan	0.000000	nan
-0.169667	9.511141	nan	0.000000	nan
-0.150333	9.971772	nan	0.000000	nan
-0.131000	10.220789	nan	0.000000	nan
-0.111667	10.618859	nan	0.000000	nan
-0.092333	10.927242	nan	0.000000	nan
-0.073000	11.025147	nan	0.000000	nan
-0.053667	11.211708	nan	0.000000	nan
-0.034333	11.680768	nan	0.000000	nan
-0.015000	11.777524	nan	0.000000	nan
0.004333	12.034661	nan	0.000000	nan
0.023667	12.410828	nan	0.000000	nan
0.043000	12.665692	nan	0.000000	nan
0.062333	13.083172	nan	0.000000	nan
0.081667	13.150261	nan	0.000000	nan
0.101000	13.373130	nan	0.000000	nan
0.120333	13.720413	nan	0.000000	nan
0.139667	13.951576	nan	0.000000	nan
0.159000	14.252853	nan	0.000000	nan
0.178333	14.365668	nan	0.000000	nan
0.197667	14.346098	nan	0.000000	nan
0.217000	14.626961	nan	0.000000	nan
0.236333	14.669683	nan	0.000000	nan
0.255667	14.796447	nan	0.000000	nan
0.275000	15.200186	nan	0.000000	nan
0.294333	15.008418	nan	0.000000	nan
0.313667	15.065463	nan	0.000000	nan
0.333000	15.259918	nan	0.000000	nan
0.352333	14.975556	nan	0.000000	nan
0.371667	15.095916	nan	0.000000	nan
0.391000	15.174847	nan	0.000000	nan
0.410333	15.291434	nan	0.000000	nan
0.429667	15.205111	nan	0.000000	nan
0.449000	15.572097	nan	0.000000	nan
0.468333	15.579784	nan	0.000000	nan
0.487667	15.507060	nan	0.000000	nan
0.507000	15.652496	nan	0.000000	nan
0.526333	15.858412	nan	0.000000	nan
0.545667	15.904180	nan	0.000000	nan
0.565000	16.085258	nan	0.000000	nan
0.584333	16.219561	nan	0.000000	nan
0.603667	16.355603	nan	0.000000	nan
0.623000	16.588484	nan	0.000000	nan
0.642333	16.537578	nan	0.000000	nan
0.661667	16.810186	nan	0.000000	nan
0.681000	17.138834	nan	0.000000	nan
0.700333	17.349563	nan	0.000000	nan
0.719667	17.625608	nan	0.000000	nan
0.739000	17.975937	nan	0.000000	nan
0.758333	18.411460	nan	0.000000	nan
0.777667	18.537929	nan	0.000000	nan
0.797000	18.985960	nan	0.000000	nan
0.816333	19.455732	nan	0.000000	nan
0.835667	19.635157	nan	0.000000	nan
0.855000	20.153385	nan	0.000000	nan
0.874333	20.026450	nan	0.000000	nan
0.893667	20.421688	nan	0.000000	nan
0.913000	20.708880	nan	0.000000	nan
0.932333	20.836994	nan	0.000000	nan
0.951667	20.844811	nan	0.000000	nan
0.971000	20.735602	nan	0.000000	nan
0.990333	20.662193	nan	0.000000	nan
#Window		Free	+/-	
#0	0.000000	nan
#1	-0.422639	nan
#2	-0.481016	nan
#3	-0.718833	nan
#4	-1.016753	nan
#5	-1.032820	nan
#6	-0.906331	nan
#7	-0.724387	nan
#8	-0.588690	nan
#9	-0.267730	nan
#10	0.319604	nan
#11	0.951134	nan
#12	1.646846	nan
#13	2.337896	nan
#14	3.273782	nan
#15	4.337426	nan
#16	5.468116	nan
#17	6.904139	nan
#18	8.739246	nan
#19	10.369872	nan
#20	11.756497	nan
#21	13.003612	nan
#22	13.733517	nan
#23	14.024788	nan
#24	14.424497	nan
#25	15.021338	nan
#26	15.867833	nan
#27	17.168279	nan
#28	18.755171	nan
#29	19.895703	nan
