#Coor		Free	+/-		Prob		+/-
-1.890333	0.189600	nan	0.024432	nan
-1.871000	0.174070	nan	0.025057	nan
-1.851667	0.143482	nan	0.026336	nan
-1.832333	0.039782	nan	0.031175	nan
-1.813000	0.190542	nan	0.024395	nan
-1.793667	0.088505	nan	0.028800	nan
-1.774333	0.000000	nan	0.033260	nan
-1.755000	0.101785	nan	0.028184	nan
-1.735667	0.289643	nan	0.020763	nan
-1.716333	0.083788	nan	0.029022	nan
-1.697000	0.277282	nan	0.021184	nan
-1.677667	0.171808	nan	0.025150	nan
-1.658333	0.106726	nan	0.027959	nan
-1.639000	0.084697	nan	0.028979	nan
-1.619667	0.191397	nan	0.024361	nan
-1.600333	0.154987	nan	0.025848	nan
-1.581000	0.351358	nan	0.018779	nan
-1.561667	0.283506	nan	0.020971	nan
-1.542333	0.165574	nan	0.025406	nan
-1.523000	0.389827	nan	0.017640	nan
-1.503667	0.426010	nan	0.016632	nan
-1.484333	0.324852	nan	0.019607	nan
-1.465000	0.216366	nan	0.023391	nan
-1.445667	0.177417	nan	0.024921	nan
-1.426333	0.132918	nan	0.026792	nan
-1.407000	0.118189	nan	0.027442	nan
-1.387667	0.130721	nan	0.026888	nan
-1.368333	0.093644	nan	0.028560	nan
-1.349000	0.152419	nan	0.025956	nan
-1.329667	0.120477	nan	0.027340	nan
-1.310333	0.313097	nan	0.019985	nan
-1.291000	0.312847	nan	0.019994	nan
-1.271667	0.327985	nan	0.019507	nan
-1.252333	0.400913	nan	0.017325	nan
-1.233000	0.387748	nan	0.017700	nan
-1.213667	0.524495	nan	0.014170	nan
-1.194333	0.435661	nan	0.016373	nan
-1.175000	0.505057	nan	0.014625	nan
-1.155667	0.406650	nan	0.017164	nan
-1.136333	0.424815	nan	0.016664	nan
-1.117000	0.617158	nan	0.012187	nan
-1.097667	0.690948	nan	0.010808	nan
-1.078333	0.817895	nan	0.008792	nan
-1.059000	1.057417	nan	0.005955	nan
-1.039667	1.190398	nan	0.004796	nan
-1.020333	1.419921	nan	0.003302	nan
-1.001000	1.512895	nan	0.002838	nan
-0.981667	1.330651	nan	0.003818	nan
-0.962333	1.402245	nan	0.003398	nan
-0.943000	1.439034	nan	0.003201	nan
-0.923667	1.524351	nan	0.002786	nan
-0.904333	1.706119	nan	0.002073	nan
-0.885000	1.984456	nan	0.001318	nan
-0.865667	2.094699	nan	0.001102	nan
-0.846333	2.099477	nan	0.001093	nan
-0.827000	2.387127	nan	0.000685	nan
-0.807667	2.303031	nan	0.000785	nan
-0.788333	2.620514	nan	0.000468	nan
-0.769000	2.582668	nan	0.000498	nan
-0.749667	2.672662	nan	0.000430	nan
-0.730333	3.061634	nan	0.000228	nan
-0.711000	3.178549	nan	0.000189	nan
-0.691667	3.329113	nan	0.000148	nan
-0.672333	3.764694	nan	0.000073	nan
-0.653000	3.691733	nan	0.000082	nan
-0.633667	4.059916	nan	0.000045	nan
-0.614333	4.123629	nan	0.000041	nan
-0.595000	4.187878	nan	0.000037	nan
-0.575667	4.358648	nan	0.000028	nan
-0.556333	4.520188	nan	0.000021	nan
-0.537000	4.873434	nan	0.000012	nan
-0.517667	4.972962	nan	0.000010	nan
-0.498333	5.248449	nan	0.000007	nan
-0.479000	5.481817	nan	0.000004	nan
-0.459667	5.799417	nan	0.000003	nan
-0.440333	6.091402	nan	0.000002	nan
-0.421000	6.379465	nan	0.000001	nan
-0.401667	6.734174	nan	0.000001	nan
-0.382333	6.841350	nan	0.000000	nan
-0.363000	7.086523	nan	0.000000	nan
-0.343667	7.411460	nan	0.000000	nan
-0.324333	7.797812	nan	0.000000	nan
-0.305000	7.915222	nan	0.000000	nan
-0.285667	8.316826	nan	0.000000	nan
-0.266333	8.600039	nan	0.000000	nan
-0.247000	8.960684	nan	0.000000	nan
-0.227667	9.035629	nan	0.000000	nan
-0.208333	9.732190	nan	0.000000	nan
-0.189000	9.962094	nan	0.000000	nan
-0.169667	10.388975	nan	0.000000	nan
-0.150333	10.644365	nan	0.000000	nan
-0.131000	10.853169	nan	0.000000	nan
-0.111667	11.214371	nan	0.000000	nan
-0.092333	11.568491	nan	0.000000	nan
-0.073000	11.877844	nan	0.000000	nan
-0.053667	12.320465	nan	0.000000	nan
-0.034333	12.562814	nan	0.000000	nan
-0.015000	12.948782	nan	0.000000	nan
0.004333	13.425127	nan	0.000000	nan
0.023667	13.777459	nan	0.000000	nan
0.043000	14.062738	nan	0.000000	nan
0.062333	14.698300	nan	0.000000	nan
0.081667	14.874164	nan	0.000000	nan
0.101000	15.024640	nan	0.000000	nan
0.120333	15.275002	nan	0.000000	nan
0.139667	15.703953	nan	0.000000	nan
0.159000	16.033942	nan	0.000000	nan
0.178333	16.250948	nan	0.000000	nan
0.197667	16.283499	nan	0.000000	nan
0.217000	16.671326	nan	0.000000	nan
0.236333	16.854256	nan	0.000000	nan
0.255667	16.975464	nan	0.000000	nan
0.275000	17.234828	nan	0.000000	nan
0.294333	17.172346	nan	0.000000	nan
0.313667	17.122911	nan	0.000000	nan
0.333000	17.136477	nan	0.000000	nan
0.352333	17.189978	nan	0.000000	nan
0.371667	17.137027	nan	0.000000	nan
0.391000	17.292675	nan	0.000000	nan
0.410333	17.260011	nan	0.000000	nan
0.429667	17.525069	nan	0.000000	nan
0.449000	17.448289	nan	0.000000	nan
0.468333	17.549052	nan	0.000000	nan
0.487667	17.561709	nan	0.000000	nan
0.507000	17.708096	nan	0.000000	nan
0.526333	17.750321	nan	0.000000	nan
0.545667	17.763425	nan	0.000000	nan
0.565000	17.864933	nan	0.000000	nan
0.584333	18.035215	nan	0.000000	nan
0.603667	18.388624	nan	0.000000	nan
0.623000	18.560554	nan	0.000000	nan
0.642333	18.693962	nan	0.000000	nan
0.661667	18.907329	nan	0.000000	nan
0.681000	19.090850	nan	0.000000	nan
0.700333	19.238590	nan	0.000000	nan
0.719667	19.433495	nan	0.000000	nan
0.739000	19.628307	nan	0.000000	nan
0.758333	19.831230	nan	0.000000	nan
0.777667	20.208369	nan	0.000000	nan
0.797000	20.510983	nan	0.000000	nan
0.816333	20.783394	nan	0.000000	nan
0.835667	21.153588	nan	0.000000	nan
0.855000	21.600055	nan	0.000000	nan
0.874333	21.748607	nan	0.000000	nan
0.893667	21.811583	nan	0.000000	nan
0.913000	21.819226	nan	0.000000	nan
0.932333	21.996626	nan	0.000000	nan
0.951667	22.342162	nan	0.000000	nan
0.971000	21.690560	nan	0.000000	nan
0.990333	21.733263	nan	0.000000	nan
#Window		Free	+/-	
#0	0.000000	nan
#1	-0.433463	nan
#2	-0.418902	nan
#3	-0.362976	nan
#4	-0.310067	nan
#5	-0.406607	nan
#6	-0.307920	nan
#7	-0.130479	nan
#8	0.124544	nan
#9	0.681114	nan
#10	1.140224	nan
#11	1.777420	nan
#12	2.519183	nan
#13	3.450203	nan
#14	4.380500	nan
#15	5.595370	nan
#16	6.987287	nan
#17	8.475515	nan
#18	10.154822	nan
#19	11.872297	nan
#20	13.711135	nan
#21	15.384328	nan
#22	16.421387	nan
#23	16.726786	nan
#24	17.054921	nan
#25	17.571694	nan
#26	18.460001	nan
#27	19.530305	nan
#28	20.855937	nan
#29	21.686765	nan
