#Coor		Free	+/-		Prob		+/-
-1.890333	0.763776	nan	0.011883	nan
-1.871000	0.705059	nan	0.013074	nan
-1.851667	0.637985	nan	0.014581	nan
-1.832333	0.831115	nan	0.010650	nan
-1.813000	0.764883	nan	0.011861	nan
-1.793667	0.683764	nan	0.013535	nan
-1.774333	0.704223	nan	0.013091	nan
-1.755000	0.613549	nan	0.015172	nan
-1.735667	0.669785	nan	0.013846	nan
-1.716333	0.541932	nan	0.017047	nan
-1.697000	0.620837	nan	0.014993	nan
-1.677667	0.495614	nan	0.018381	nan
-1.658333	0.626891	nan	0.014847	nan
-1.639000	0.409066	nan	0.021160	nan
-1.619667	0.352430	nan	0.023202	nan
-1.600333	0.333747	nan	0.023918	nan
-1.581000	0.291421	nan	0.025623	nan
-1.561667	0.238346	nan	0.027934	nan
-1.542333	0.335268	nan	0.023859	nan
-1.523000	0.371596	nan	0.022490	nan
-1.503667	0.161785	nan	0.031639	nan
-1.484333	0.224800	nan	0.028557	nan
-1.465000	0.244067	nan	0.027675	nan
-1.445667	0.107250	nan	0.034574	nan
-1.426333	0.205631	nan	0.029461	nan
-1.407000	0.139370	nan	0.032814	nan
-1.387667	0.103392	nan	0.034792	nan
-1.368333	0.188891	nan	0.030274	nan
-1.349000	0.197435	nan	0.029857	nan
-1.329667	0.000000	nan	0.041165	nan
-1.310333	0.152742	nan	0.032108	nan
-1.291000	0.405390	nan	0.021287	nan
-1.271667	0.185537	nan	0.030440	nan
-1.252333	0.314628	nan	0.024674	nan
-1.233000	0.409521	nan	0.021145	nan
-1.213667	0.353984	nan	0.023144	nan
-1.194333	0.447012	nan	0.019893	nan
-1.175000	0.400509	nan	0.021457	nan
-1.155667	0.598153	nan	0.015557	nan
-1.136333	0.630990	nan	0.014748	nan
-1.117000	0.657432	nan	0.014127	nan
-1.097667	0.583130	nan	0.015942	nan
-1.078333	0.717688	nan	0.012808	nan
-1.059000	0.904437	nan	0.009452	nan
-1.039667	0.932033	nan	0.009037	nan
-1.020333	1.060405	nan	0.007334	nan
-1.001000	1.168291	nan	0.006153	nan
-0.981667	1.245117	nan	0.005431	nan
-0.962333	1.380594	nan	0.004356	nan
-0.943000	1.476342	nan	0.003728	nan
-0.923667	1.418135	nan	0.004098	nan
-0.904333	1.681007	nan	0.002672	nan
-0.885000	1.846324	nan	0.002042	nan
-0.865667	2.031921	nan	0.001510	nan
-0.846333	2.235277	nan	0.001085	nan
-0.827000	2.278887	nan	0.001010	nan
-0.807667	2.717422	nan	0.000495	nan
-0.788333	2.756916	nan	0.000464	nan
-0.769000	2.942021	nan	0.000344	nan
-0.749667	2.879764	nan	0.000380	nan
-0.730333	3.176636	nan	0.000235	nan
-0.711000	3.338360	nan	0.000180	nan
-0.691667	3.287154	nan	0.000196	nan
-0.672333	3.631137	nan	0.000112	nan
-0.653000	3.641232	nan	0.000110	nan
-0.633667	3.837287	nan	0.000080	nan
-0.614333	3.948548	nan	0.000067	nan
-0.595000	4.133841	nan	0.000049	nan
-0.575667	4.491570	nan	0.000028	nan
-0.556333	4.669310	nan	0.000021	nan
-0.537000	5.002300	nan	0.000012	nan
-0.517667	5.112425	nan	0.000010	nan
-0.498333	5.380006	nan	0.000007	nan
-0.479000	5.514749	nan	0.000005	nan
-0.459667	6.021227	nan	0.000002	nan
-0.440333	6.192991	nan	0.000002	nan
-0.421000	6.239268	nan	0.000002	nan
-0.401667	6.639185	nan	0.000001	nan
-0.382333	6.849672	nan	0.000001	nan
-0.363000	7.072998	nan	0.000000	nan
-0.343667	7.104322	nan	0.000000	nan
-0.324333	7.489415	nan	0.000000	nan
-0.305000	7.668242	nan	0.000000	nan
-0.285667	8.044043	nan	0.000000	nan
-0.266333	8.438946	nan	0.000000	nan
-0.247000	8.960754	nan	0.000000	nan
-0.227667	9.750211	nan	0.000000	nan
-0.208333	10.025768	nan	0.000000	nan
-0.189000	10.300756	nan	0.000000	nan
-0.169667	10.358526	nan	0.000000	nan
-0.150333	10.550586	nan	0.000000	nan
-0.131000	10.766771	nan	0.000000	nan
-0.111667	11.304724	nan	0.000000	nan
-0.092333	11.530283	nan	0.000000	nan
-0.073000	11.994606	nan	0.000000	nan
-0.053667	12.123314	nan	0.000000	nan
-0.034333	12.625479	nan	0.000000	nan
-0.015000	12.848076	nan	0.000000	nan
0.004333	13.041584	nan	0.000000	nan
0.023667	13.349243	nan	0.000000	nan
0.043000	13.579600	nan	0.000000	nan
0.062333	13.695633	nan	0.000000	nan
0.081667	14.007575	nan	0.000000	nan
0.101000	14.246783	nan	0.000000	nan
0.120333	14.362304	nan	0.000000	nan
0.139667	14.598018	nan	0.000000	nan
0.159000	14.868823	nan	0.000000	nan
0.178333	14.960324	nan	0.000000	nan
0.197667	15.132516	nan	0.000000	nan
0.217000	15.351453	nan	0.000000	nan
0.236333	15.248282	nan	0.000000	nan
0.255667	15.420124	nan	0.000000	nan
0.275000	15.645941	nan	0.000000	nan
0.294333	15.712032	nan	0.000000	nan
0.313667	15.715722	nan	0.000000	nan
0.333000	15.837674	nan	0.000000	nan
0.352333	15.761539	nan	0.000000	nan
0.371667	15.792904	nan	0.000000	nan
0.391000	15.810427	nan	0.000000	nan
0.410333	15.899566	nan	0.000000	nan
0.429667	15.805631	nan	0.000000	nan
0.449000	15.988098	nan	0.000000	nan
0.468333	15.886144	nan	0.000000	nan
0.487667	16.145185	nan	0.000000	nan
0.507000	16.228707	nan	0.000000	nan
0.526333	16.229652	nan	0.000000	nan
0.545667	16.454157	nan	0.000000	nan
0.565000	16.361714	nan	0.000000	nan
0.584333	16.524860	nan	0.000000	nan
0.603667	16.884400	nan	0.000000	nan
0.623000	16.891908	nan	0.000000	nan
0.642333	17.052963	nan	0.000000	nan
0.661667	17.102305	nan	0.000000	nan
0.681000	17.354686	nan	0.000000	nan
0.700333	17.581674	nan	0.000000	nan
0.719667	17.820476	nan	0.000000	nan
0.739000	17.895621	nan	0.000000	nan
0.758333	18.478317	nan	0.000000	nan
0.777667	18.578097	nan	0.000000	nan
0.797000	18.786317	nan	0.000000	nan
0.816333	19.116127	nan	0.000000	nan
0.835667	19.059862	nan	0.000000	nan
0.855000	19.534270	nan	0.000000	nan
0.874333	19.522944	nan	0.000000	nan
0.893667	20.159445	nan	0.000000	nan
0.913000	20.099644	nan	0.000000	nan
0.932333	19.917534	nan	0.000000	nan
0.951667	20.100225	nan	0.000000	nan
0.971000	20.117414	nan	0.000000	nan
0.990333	19.904812	nan	0.000000	nan
#Window		Free	+/-	
#0	0.000000	nan
#1	-0.438250	nan
#2	-0.595961	nan
#3	-0.792581	nan
#4	-0.914011	nan
#5	-0.989961	nan
#6	-0.934087	nan
#7	-0.734700	nan
#8	-0.469398	nan
#9	-0.052355	nan
#10	0.494458	nan
#11	1.271088	nan
#12	2.068240	nan
#13	2.832135	nan
#14	3.861387	nan
#15	5.075355	nan
#16	6.287354	nan
#17	7.794239	nan
#18	9.661371	nan
#19	11.247130	nan
#20	12.678342	nan
#21	13.753226	nan
#22	14.424815	nan
#23	14.694344	nan
#24	14.973482	nan
#25	15.482818	nan
#26	16.233569	nan
#27	17.290245	nan
#28	18.424612	nan
#29	19.259245	nan
