         #RC         Mean_dG          Std_dG
     -1.8903        0.563807        0.380493
     -1.8710        0.537612        0.390049
     -1.8517        0.432876        0.323023
     -1.8323        0.495262        0.362899
     -1.8130        0.492638        0.316802
     -1.7937        0.454990        0.370962
     -1.7743        0.396788        0.327350
     -1.7550        0.449673        0.316612
     -1.7357        0.384858        0.273114
     -1.7163        0.355189        0.289138
     -1.6970        0.398993        0.258268
     -1.6777        0.297906        0.285399
     -1.6583        0.303853        0.302531
     -1.6390        0.277951        0.249527
     -1.6197        0.247452        0.206965
     -1.6003        0.205181        0.183991
     -1.5810        0.238296        0.178876
     -1.5617        0.121091        0.159654
     -1.5423        0.138926        0.181145
     -1.5230        0.105840        0.172282
     -1.5037        0.107197        0.199893
     -1.4843        0.098717        0.150387
     -1.4650        0.066393        0.149944
     -1.4457        0.069375        0.135634
     -1.4263        0.043537        0.133927
     -1.4070        0.048723        0.118395
     -1.3877        0.060827        0.140072
     -1.3683        0.051392        0.103684
     -1.3490        0.090863        0.162895
     -1.3297        0.000000        0.000000
     -1.3103        0.097993        0.133143
     -1.2910        0.154870        0.147493
     -1.2717        0.157498        0.106963
     -1.2523        0.174054        0.123503
     -1.2330        0.260767        0.174955
     -1.2137        0.241505        0.176509
     -1.1943        0.291988        0.175691
     -1.1750        0.386636        0.137798
     -1.1557        0.393874        0.189762
     -1.1363        0.406662        0.195058
     -1.1170        0.479266        0.166166
     -1.0977        0.565945        0.189373
     -1.0783        0.582038        0.212866
     -1.0590        0.738793        0.232680
     -1.0397        0.819551        0.223680
     -1.0203        0.898119        0.277569
     -1.0010        0.984499        0.260248
     -0.9817        1.046445        0.244873
     -0.9623        1.209326        0.223342
     -0.9430        1.218315        0.188974
     -0.9237        1.363918        0.205072
     -0.9043        1.492228        0.236812
     -0.8850        1.652764        0.265796
     -0.8657        1.810843        0.274375
     -0.8463        1.891555        0.301152
     -0.8270        2.042660        0.291847
     -0.8077        2.103750        0.339804
     -0.7883        2.316546        0.324669
     -0.7690        2.443869        0.281835
     -0.7497        2.579035        0.312904
     -0.7303        2.796843        0.317913
     -0.7110        2.861992        0.309258
     -0.6917        3.029974        0.283505
     -0.6723        3.186072        0.402111
     -0.6530        3.396722        0.356049
     -0.6337        3.545643        0.384688
     -0.6143        3.714890        0.296043
     -0.5950        3.845596        0.375318
     -0.5757        4.024248        0.375698
     -0.5563        4.164611        0.408365
     -0.5370        4.466812        0.426878
     -0.5177        4.596899        0.413133
     -0.4983        4.856485        0.477826
     -0.4790        5.056777        0.475392
     -0.4597        5.343226        0.484373
     -0.4403        5.503879        0.562361
     -0.4210        5.696039        0.517299
     -0.4017        6.023257        0.531600
     -0.3823        6.240869        0.472834
     -0.3630        6.521077        0.487338
     -0.3437        6.744477        0.513118
     -0.3243        7.064891        0.518544
     -0.3050        7.306339        0.541758
     -0.2857        7.592449        0.570967
     -0.2663        7.968307        0.613803
     -0.2470        8.247865        0.703447
     -0.2277        8.554387        0.775132
     -0.2083        8.873700        0.797326
     -0.1890        9.193930        0.829306
     -0.1697        9.464138        0.742747
     -0.1503        9.703830        0.809460
     -0.1310       10.030172        0.778490
     -0.1117       10.377491        0.819587
     -0.0923       10.718817        0.820921
     -0.0730       10.978634        0.823714
     -0.0537       11.295518        0.790094
     -0.0343       11.596542        0.788748
     -0.0150       11.849779        0.837682
      0.0043       12.157586        0.899718
      0.0237       12.425974        0.895241
      0.0430       12.712653        0.838462
      0.0623       13.070857        0.981279
      0.0817       13.221831        0.929609
      0.1010       13.413568        0.987695
      0.1203       13.656461        1.004819
      0.1397       13.968307        0.970328
      0.1590       14.140422        1.090852
      0.1783       14.274230        1.054410
      0.1977       14.468298        1.032976
      0.2170       14.664222        1.082820
      0.2363       14.775199        1.131332
      0.2557       14.861621        1.103917
      0.2750       15.071645        1.100737
      0.2943       15.126186        1.095252
      0.3137       15.175306        1.048088
      0.3330       15.277548        0.988585
      0.3523       15.228711        0.996102
      0.3717       15.262321        0.975731
      0.3910       15.378125        1.035036
      0.4103       15.393309        1.001386
      0.4297       15.449521        1.043217
      0.4490       15.527722        1.062558
      0.4683       15.601034        1.038091
      0.4877       15.644714        1.110330
      0.5070       15.798545        1.035512
      0.5263       15.838527        1.089257
      0.5457       15.923621        1.115318
      0.5650       16.006543        1.161313
      0.5843       16.159168        1.178855
      0.6037       16.375443        1.213215
      0.6230       16.438473        1.247010
      0.6423       16.575082        1.286408
      0.6617       16.733060        1.322477
      0.6810       16.929140        1.356896
      0.7003       17.179885        1.371214
      0.7197       17.308519        1.315163
      0.7390       17.632111        1.311946
      0.7583       17.898144        1.292291
      0.7777       18.086839        1.331049
      0.7970       18.353157        1.342823
      0.8163       18.613628        1.329597
      0.8357       18.874341        1.299212
      0.8550       19.132050        1.413830
      0.8743       19.305283        1.369421
      0.8937       19.642341        1.355826
      0.9130       19.855510        1.325070
      0.9323       19.905650        1.260561
      0.9517       20.126986        1.223878
      0.9710       20.119259        1.085961
      0.9903       20.023406        0.938808
