#Coor		Free	+/-		Prob		+/-
-1.890333	0.567436	nan	0.012954	nan
-1.871000	0.539459	nan	0.013558	nan
-1.851667	0.432647	nan	0.016131	nan
-1.832333	0.490600	nan	0.014679	nan
-1.813000	0.495689	nan	0.014558	nan
-1.793667	0.453397	nan	0.015595	nan
-1.774333	0.395743	nan	0.017129	nan
-1.755000	0.445650	nan	0.015793	nan
-1.735667	0.383446	nan	0.017475	nan
-1.716333	0.353193	nan	0.018356	nan
-1.697000	0.401062	nan	0.016981	nan
-1.677667	0.298424	nan	0.020067	nan
-1.658333	0.302757	nan	0.019926	nan
-1.639000	0.276099	nan	0.020809	nan
-1.619667	0.250460	nan	0.021695	nan
-1.600333	0.207977	nan	0.023248	nan
-1.581000	0.241323	nan	0.022020	nan
-1.561667	0.121997	nan	0.026738	nan
-1.542333	0.138079	nan	0.026047	nan
-1.523000	0.102522	nan	0.027599	nan
-1.503667	0.102752	nan	0.027588	nan
-1.484333	0.101829	nan	0.027630	nan
-1.465000	0.064177	nan	0.029375	nan
-1.445667	0.070300	nan	0.029084	nan
-1.426333	0.046018	nan	0.030256	nan
-1.407000	0.046636	nan	0.030225	nan
-1.387667	0.060567	nan	0.029548	nan
-1.368333	0.050970	nan	0.030013	nan
-1.349000	0.084793	nan	0.028406	nan
-1.329667	0.000000	nan	0.032608	nan
-1.310333	0.098631	nan	0.027774	nan
-1.291000	0.150633	nan	0.025521	nan
-1.271667	0.155908	nan	0.025303	nan
-1.252333	0.177322	nan	0.024436	nan
-1.233000	0.258516	nan	0.021413	nan
-1.213667	0.242500	nan	0.021978	nan
-1.194333	0.291868	nan	0.020282	nan
-1.175000	0.388572	nan	0.017330	nan
-1.155667	0.391323	nan	0.017252	nan
-1.136333	0.405758	nan	0.016852	nan
-1.117000	0.480721	nan	0.014917	nan
-1.097667	0.566081	nan	0.012983	nan
-1.078333	0.583610	nan	0.012618	nan
-1.059000	0.738620	nan	0.009806	nan
-1.039667	0.818688	nan	0.008608	nan
-1.020333	0.893832	nan	0.007618	nan
-1.001000	0.982023	nan	0.006600	nan
-0.981667	1.047461	nan	0.005933	nan
-0.962333	1.209629	nan	0.004557	nan
-0.943000	1.216717	nan	0.004505	nan
-0.923667	1.353968	nan	0.003604	nan
-0.904333	1.493749	nan	0.002871	nan
-0.885000	1.653467	nan	0.002214	nan
-0.865667	1.813804	nan	0.001706	nan
-0.846333	1.891024	nan	0.001504	nan
-0.827000	2.042506	nan	0.001176	nan
-0.807667	2.100683	nan	0.001069	nan
-0.788333	2.315755	nan	0.000754	nan
-0.769000	2.437072	nan	0.000619	nan
-0.749667	2.570778	nan	0.000498	nan
-0.730333	2.796762	nan	0.000345	nan
-0.711000	2.861545	nan	0.000310	nan
-0.691667	3.029800	nan	0.000236	nan
-0.672333	3.181091	nan	0.000184	nan
-0.653000	3.394621	nan	0.000130	nan
-0.633667	3.543477	nan	0.000102	nan
-0.614333	3.710763	nan	0.000078	nan
-0.595000	3.845926	nan	0.000063	nan
-0.575667	4.025413	nan	0.000047	nan
-0.556333	4.165146	nan	0.000037	nan
-0.537000	4.467691	nan	0.000023	nan
-0.517667	4.598850	nan	0.000018	nan
-0.498333	4.853253	nan	0.000012	nan
-0.479000	5.056386	nan	0.000009	nan
-0.459667	5.339508	nan	0.000006	nan
-0.440333	5.499448	nan	0.000004	nan
-0.421000	5.697726	nan	0.000003	nan
-0.401667	6.022746	nan	0.000002	nan
-0.382333	6.236444	nan	0.000001	nan
-0.363000	6.523449	nan	0.000001	nan
-0.343667	6.739280	nan	0.000001	nan
-0.324333	7.057539	nan	0.000000	nan
-0.305000	7.299555	nan	0.000000	nan
-0.285667	7.593763	nan	0.000000	nan
-0.266333	7.954132	nan	0.000000	nan
-0.247000	8.242115	nan	0.000000	nan
-0.227667	8.532126	nan	0.000000	nan
-0.208333	8.862069	nan	0.000000	nan
-0.189000	9.184897	nan	0.000000	nan
-0.169667	9.459523	nan	0.000000	nan
-0.150333	9.690928	nan	0.000000	nan
-0.131000	10.025084	nan	0.000000	nan
-0.111667	10.374435	nan	0.000000	nan
-0.092333	10.714927	nan	0.000000	nan
-0.073000	10.978318	nan	0.000000	nan
-0.053667	11.285473	nan	0.000000	nan
-0.034333	11.591350	nan	0.000000	nan
-0.015000	11.844255	nan	0.000000	nan
0.004333	12.149806	nan	0.000000	nan
0.023667	12.426944	nan	0.000000	nan
0.043000	12.710262	nan	0.000000	nan
0.062333	13.047206	nan	0.000000	nan
0.081667	13.214722	nan	0.000000	nan
0.101000	13.411467	nan	0.000000	nan
0.120333	13.653861	nan	0.000000	nan
0.139667	13.963061	nan	0.000000	nan
0.159000	14.127370	nan	0.000000	nan
0.178333	14.264295	nan	0.000000	nan
0.197667	14.469083	nan	0.000000	nan
0.217000	14.659777	nan	0.000000	nan
0.236333	14.760870	nan	0.000000	nan
0.255667	14.859629	nan	0.000000	nan
0.275000	15.056656	nan	0.000000	nan
0.294333	15.117114	nan	0.000000	nan
0.313667	15.176598	nan	0.000000	nan
0.333000	15.272853	nan	0.000000	nan
0.352333	15.221833	nan	0.000000	nan
0.371667	15.257878	nan	0.000000	nan
0.391000	15.375438	nan	0.000000	nan
0.410333	15.389909	nan	0.000000	nan
0.429667	15.439947	nan	0.000000	nan
0.449000	15.524147	nan	0.000000	nan
0.468333	15.593139	nan	0.000000	nan
0.487667	15.642496	nan	0.000000	nan
0.507000	15.785238	nan	0.000000	nan
0.526333	15.837292	nan	0.000000	nan
0.545667	15.915001	nan	0.000000	nan
0.565000	15.998670	nan	0.000000	nan
0.584333	16.149404	nan	0.000000	nan
0.603667	16.374735	nan	0.000000	nan
0.623000	16.435204	nan	0.000000	nan
0.642333	16.572539	nan	0.000000	nan
0.661667	16.729760	nan	0.000000	nan
0.681000	16.924145	nan	0.000000	nan
0.700333	17.171695	nan	0.000000	nan
0.719667	17.307286	nan	0.000000	nan
0.739000	17.625095	nan	0.000000	nan
0.758333	17.892165	nan	0.000000	nan
0.777667	18.084277	nan	0.000000	nan
0.797000	18.349677	nan	0.000000	nan
0.816333	18.598021	nan	0.000000	nan
0.835667	18.856934	nan	0.000000	nan
0.855000	19.098022	nan	0.000000	nan
0.874333	19.274813	nan	0.000000	nan
0.893667	19.569214	nan	0.000000	nan
0.913000	19.820916	nan	0.000000	nan
0.932333	19.912345	nan	0.000000	nan
0.951667	20.207813	nan	0.000000	nan
0.971000	20.291394	nan	0.000000	nan
0.990333	20.285990	nan	0.000000	nan
#Window		Free	+/-	
#0	0.000000	nan
#1	-0.463827	nan
#2	-0.585989	nan
#3	-0.716505	nan
#4	-0.826768	nan
#5	-0.868331	nan
#6	-0.810418	nan
#7	-0.639627	nan
#8	-0.386975	nan
#9	0.010105	nan
#10	0.524768	nan
#11	1.172687	nan
#12	1.901405	nan
#13	2.714959	nan
#14	3.633782	nan
#15	4.733125	nan
#16	5.992570	nan
#17	7.438218	nan
#18	8.996122	nan
#19	10.565203	nan
#20	12.048437	nan
#21	13.271884	nan
#22	14.066758	nan
#23	14.429687	nan
#24	14.766657	nan
#25	15.269793	nan
#26	16.019702	nan
#27	17.076717	nan
#28	18.308254	nan
#29	19.519775	nan
